"","docnum","Topic1","Topic2","Topic3","Topic4","Topic5","Topic6","Topic7","Topic8","Topic9","Topic10","Topic11","Topic12","X","file_iso","name","continent"
"1",1,7.46781705406225e-05,5.46762839849105e-07,0.000115831555047653,7.92843137072823e-07,0.000135400431366016,0.998401510431156,0.000318221075155189,0.000239557095242007,0.000257626410305624,0.000203807541623984,0.000130219672242832,0.000121808011343529,1,"AGO","Angola","Africa"
"2",2,9.7850833398862e-07,6.07897147759496e-06,3.22666733319621e-06,3.54591458323205e-05,0.998819615763849,0.000142969345059271,5.13568954471634e-06,0.000118086303989386,0.000458371383738356,7.2306572678972e-07,0.000186816629248037,0.000222538525866506,2,"ALB","Albania","Europe"
"3",3,0.000170278931118516,7.28878948268724e-06,0.000335685041997289,1.23379378398645e-05,0.0108859393136662,0.982042841533164,0.00122578801878884,0.00113108805728654,0.00124881554223504,0.000398772171587621,0.0014587144089684,0.00108245025386494,3,"AND","Andorra","Europe"
"4",4,0.778233490136063,0.000987025107724823,0.000771813551117139,0.0263509734374597,5.09321489809126e-05,0.00119133539593382,0.185752023446555,2.84192985786978e-05,0.000512899262978814,0.00132808098833684,0.000971903585489549,0.00382110364078065,4,"ARM","Armenia","Asia"
"5",5,4.60288575311161e-05,4.32606771831486e-06,7.76905408848158e-05,0.000382031499554395,7.08678050540141e-05,0.000150967475062652,4.20428662106744e-06,3.88901553765502e-05,0.999025866034368,1.7087107165531e-05,0.00013899643051788,4.30437401466312e-05,5,"ATG","Antigua & Barbuda","Americas"
"6",6,0.00512370462522223,0.000794017485072752,0.00278007279099689,0.0318180891962997,0.0179273392550752,0.0251170669025388,0.00264371483011921,0.00766977862175428,0.17930072443191,0.00186960074551951,0.00877118451936087,0.716184706596131,6,"AUS","Australia","Oceania"
"7",7,0.00570070308854575,0.0392930575765605,0.000628781295755661,0.162971720655731,0.0135586854776657,0.000457216781284293,0.00103174310362966,0.00240066193843476,0.00177708740703156,0.000901134898534161,0.00400681652561935,0.767272391251208,7,"AUS","Australia","Oceania"
"8",8,0.00083512158397923,5.82384455022916e-05,0.000136964367657114,0.996968449126062,1.55421368356747e-05,3.68632769069175e-06,0.000188245027582132,3.66331567383858e-06,0.000214436115914034,2.82757086705998e-05,0.000101889693826441,0.00144548815060568,8,"AUT","Austria","Europe"
"9",9,0.00083512158397923,5.82384455022916e-05,0.000136964367657114,0.996968449126062,1.55421368356747e-05,3.68632769069175e-06,0.000188245027582132,3.66331567383858e-06,0.000214436115914034,2.82757086705998e-05,0.000101889693826441,0.00144548815060568,9,"BEL","Belgium","Europe"
"10",10,0.00118582211324374,0.000697076056886158,0.0842849279786224,0.00177284431947623,0.00221971388893892,0.0283361234568781,0.00191710450726482,0.00160310126533408,0.693283892315984,0.00129776495823131,0.181667723142439,0.00173390599670002,10,"BGD","Bangladesh","Asia"
"11",11,0.00112337519388201,0.000101093361953251,0.000680022271528636,0.0374679302982255,0.00056169039576691,0.000696114747353068,0.000108840271174398,0.000146606939410673,0.951811509283283,0.000277848019001928,0.00624820009138528,0.000776769127034716,11,"BGD","Bangladesh","Asia"
"12",12,0.00083512158397923,5.82384455022916e-05,0.000136964367657114,0.996968449126062,1.55421368356747e-05,3.68632769069175e-06,0.000188245027582132,3.66331567383858e-06,0.000214436115914034,2.82757086705998e-05,0.000101889693826441,0.00144548815060568,12,"BGR","Bulgaria","Europe"
"13",13,0.00235226921208164,0.00164631179844852,0.222727471579376,0.00287382563674725,0.0059609619988161,0.0881244743105584,0.0152488407120543,0.00432081565851386,0.25738244843072,0.00103784595190687,0.173346529521751,0.224978205189026,13,"BHR","Bahrain","Asia"
"14",14,0.423864979700045,0.00224053980395625,0.00120371157680654,0.00117105479228965,0.00301356545143551,0.462885444902689,0.00279903594122169,0.0335984167446443,0.00447100358123094,0.0517549421599035,0.00535579977601742,0.0076415055697602,14,"BIH","Bosnia & Herzegovina","Europe"
"15",15,0.782751250524704,0.191865513927141,0.000497594696912605,0.00633836630857189,0.000185660643654217,0.000921597354784918,0.00218822701228271,0.00113576412831869,0.000892589568960815,0.00586977827230374,0.00283838821020555,0.00451526935216008,15,"BLR","Belarus","Europe"
"16",16,0.000602351568799249,1.86798470041608e-05,0.00913989555224474,0.0365507909524205,0.0112033995520105,0.186948737164127,0.000784949269505593,0.00182207592435417,0.748559155639796,0.000397539950460796,0.00121225086053963,0.00276017371873823,16,"BLZ","Belize","Americas"
"17",17,0.211438128534452,0.00137297687865931,0.000431410161529557,0.344328022647844,0.00049786518877766,0.000925500559494883,0.00224071703578519,0.00111949421286505,0.00107763370917975,0.00176830742200943,0.00143502762501825,0.433364916024385,17,"BRA","Brazil","Americas"
"18",18,0.175668147411909,0.00044945361247375,0.00103657456125303,0.0275064096011375,0.000921282081570156,0.00404602402308791,0.0099267527050953,0.000152304458950373,0.765709193043153,0.000789773461426758,0.0116311565449537,0.00216292849498941,18,"BRB","Barbados","Americas"
"19",19,0.000629574962204077,0.000288178445507798,0.000159384399915751,0.00834593862744724,0.000755831779250253,0.000377579140834167,0.000476561510801949,0.000215343537924366,0.000297426869014926,0.000155638345497824,0.0168314994847831,0.971467042896819,19,"CAN","Canada","Americas"
"20",20,0.00592637115679758,0.000818161511708057,0.00126857163983371,0.83126294737049,0.000680684008786012,0.000259832745647833,0.0017648173398872,0.000369562051334022,0.0014508682128657,0.000470163715185595,0.00101746215348566,0.154710558093978,20,"CHE","Switzerland","Europe"
"21",21,0.00610384150133658,0.000830946518493589,0.00131599611810866,0.826373579137943,0.000699938098364367,0.000274209988195988,0.00179498165124115,0.000390140657624292,0.00148028384111727,0.000488424028607428,0.00104883454378891,0.159198823915179,21,"CHE","Switzerland","Europe"
"22",22,0.000645062325552233,7.2932301020364e-05,0.00104345153016414,0.000597287646672497,0.000396393351402122,0.00111701736249997,0.381108071934299,3.65768014133555e-05,5.15970436996663e-05,5.31665838703188e-05,0.000181676691720634,0.614696766427686,22,"CHL","Chile","Americas"
"23",23,0.000163609851844877,0.000147067873429827,3.98334814443532e-05,0.000741223973648431,0.000401275787034692,0.000155403678352442,0.000108464055141825,5.23854170449644e-06,0.000355022670691449,0.000125160509521399,0.997527374867962,0.000230324709224022,23,"CHN","China","Asia"
"24",24,0.00722440139959872,0.000843381502551941,0.555571259190138,0.000352093656395753,0.000369334095310216,0.136730448114797,0.00188949168034475,0.216837110214311,0.00197361929476534,0.0740177814184397,0.0007249004142439,0.00346617901910439,24,"COG","Congo - Brazzaville","Africa"
"25",25,1.28309289120805e-05,1.39502695505968e-05,0.998097257065146,9.29961593285167e-05,3.07344013264185e-06,0.000138520200638108,0.00141691259658409,4.47359846378659e-05,8.76268361376924e-05,6.47568175141945e-06,2.01746134706524e-05,6.54462237096071e-05,25,"COL","Colombia","Americas"
"26",26,0.000149401051309887,0.003667210992789,7.57236922002323e-05,8.80024244086555e-05,0.00358194837175632,0.000573498071773509,0.00010334705504182,6.07802015168796e-05,0.000534514408619333,0.000231863006943366,0.990600283979955,0.000333426743684942,26,"CPV","Cape Verde","Africa"
"27",27,0.00353185661765211,0.00110747751711781,0.886815050966905,0.0610148012306299,0.000512093177479774,0.00600368258814977,0.0142972854850006,0.00268158646530849,0.00796296510973517,0.00103569757724134,0.00202645978333004,0.0130110434814502,27,"CRI","Costa Rica","Americas"
"28",28,0.00126680075721211,0.000108575751124225,0.735877628396094,0.0247583098290943,0.000219463015008972,0.0130312135268641,0.196562027550825,0.000309758259413052,0.000918943432908282,0.00019833194082479,0.000565858662197639,0.0261830888784331,28,"CRI","Costa Rica","Americas"
"29",29,0.0869497111169333,0.00152858111495027,0.252834747441493,0.00442142715461823,0.00262457920212037,0.110191360132802,0.342381065130143,0.00901727803108181,0.0380344572147178,0.00251956340553756,0.00813415446938778,0.141363075586216,29,"CUB","Cuba","Americas"
"30",30,0.00083512158397923,5.82384455022916e-05,0.000136964367657114,0.996968449126062,1.55421368356747e-05,3.68632769069175e-06,0.000188245027582132,3.66331567383858e-06,0.000214436115914034,2.82757086705998e-05,0.000101889693826441,0.00144548815060568,30,"CYP","Cyprus","Asia"
"31",31,0.00083512158397923,5.82384455022916e-05,0.000136964367657114,0.996968449126062,1.55421368356747e-05,3.68632769069175e-06,0.000188245027582132,3.66331567383858e-06,0.000214436115914034,2.82757086705998e-05,0.000101889693826441,0.00144548815060568,31,"CZE","Czechia","Europe"
"32",32,0.00083512158397923,5.82384455022916e-05,0.000136964367657114,0.996968449126062,1.55421368356747e-05,3.68632769069175e-06,0.000188245027582132,3.66331567383858e-06,0.000214436115914034,2.82757086705998e-05,0.000101889693826441,0.00144548815060568,32,"DEU","Germany","Europe"
"33",33,0.00083512158397923,5.82384455022916e-05,0.000136964367657114,0.996968449126062,1.55421368356747e-05,3.68632769069175e-06,0.000188245027582132,3.66331567383858e-06,0.000214436115914034,2.82757086705998e-05,0.000101889693826441,0.00144548815060568,33,"DNK","Denmark","Europe"
"34",34,0.000476820503495509,7.13188765058242e-06,0.000399335610771483,0.0111782415187818,2.7649214505196e-05,0.000135289057454132,0.986359445965843,1.45523950061782e-07,5.59536839083337e-05,1.59833204380748e-05,0.000129109547771494,0.00121489416543008,34,"DOM","Dominican Republic","Americas"
"35",35,0.00083512158397923,5.82384455022916e-05,0.000136964367657114,0.996968449126062,1.55421368356747e-05,3.68632769069175e-06,0.000188245027582132,3.66331567383858e-06,0.000214436115914034,2.82757086705998e-05,0.000101889693826441,0.00144548815060568,35,"ESP","Spain","Europe"
"36",36,0.00083512158397923,5.82384455022916e-05,0.000136964367657114,0.996968449126062,1.55421368356747e-05,3.68632769069175e-06,0.000188245027582132,3.66331567383858e-06,0.000214436115914034,2.82757086705998e-05,0.000101889693826441,0.00144548815060568,36,"EST","Estonia","Europe"
"37",37,0.00083512158397923,5.82384455022916e-05,0.000136964367657114,0.996968449126062,1.55421368356747e-05,3.68632769069175e-06,0.000188245027582132,3.66331567383858e-06,0.000214436115914034,2.82757086705998e-05,0.000101889693826441,0.00144548815060568,37,"EUU",NA,NA
"38",38,0.00083512158397923,5.82384455022916e-05,0.000136964367657114,0.996968449126062,1.55421368356747e-05,3.68632769069175e-06,0.000188245027582132,3.66331567383858e-06,0.000214436115914034,2.82757086705998e-05,0.000101889693826441,0.00144548815060568,38,"FIN","Finland","Europe"
"39",39,0.114345329967599,0.00173180916463186,0.000692369872755954,0.113145782103841,0.000862195778611378,0.00150069184580797,0.00656651740184293,0.00126257979024028,0.000801672907499079,0.000787113249951137,0.000873543530770741,0.757430394386448,39,"FJI","Fiji","Oceania"
"40",40,0.00083512158397923,5.82384455022916e-05,0.000136964367657114,0.996968449126062,1.55421368356747e-05,3.68632769069175e-06,0.000188245027582132,3.66331567383858e-06,0.000214436115914034,2.82757086705998e-05,0.000101889693826441,0.00144548815060568,40,"FRA","France","Europe"
"41",41,0.0327120109093451,0.00105753146544253,0.00069873354357714,0.169367242982699,0.000958771439900313,0.000946403273215611,0.00225408052700094,0.00113067178757368,0.00122658159067348,0.000781183199933377,0.00167147217085006,0.787195317109789,41,"GBR","United Kingdom","Europe"
"42",42,0.000349434164974328,1.35518256139302e-05,0.000405733526592312,1.00164939749901e-05,0.0017179760086824,0.988089592044206,0.000470085952934459,0.00170947603483918,0.00118051185939501,0.000646545436845613,0.00427145755240727,0.00113561909953492,42,"GEO","Georgia","Asia"
"43",43,0.717148613747571,0.149996095096226,6.96646187068021e-05,0.0010964382419394,1.71196979574725e-05,0.000352278467228141,0.000535249114990147,0.000809653725898866,0.000153508341143396,0.128454716256248,0.000669820435895658,0.000696842256195466,43,"GHA","Ghana","Africa"
"44",44,0.043319428517256,0.000404006626712659,0.00883591159941177,0.000952534669674803,0.000704161570216344,0.180356627305974,0.156599315032116,0.00068162962882964,0.562876214010102,0.0393853256482856,0.00494182341376566,0.000943021977654718,44,"GIN","Guinea","Africa"
"45",45,0.00723977231296688,3.66430635724345e-05,0.00280397301886298,0.0551038066604064,0.000987916210326224,0.227238746236527,0.102649341981514,0.000503311689680766,0.00153219526529132,0.000902205974685535,0.000685296352496618,0.60031679123367,45,"GNB","Guinea-Bissau","Africa"
"46",46,0.00083512158397923,5.82384455022916e-05,0.000136964367657114,0.996968449126062,1.55421368356747e-05,3.68632769069175e-06,0.000188245027582132,3.66331567383858e-06,0.000214436115914034,2.82757086705998e-05,0.000101889693826441,0.00144548815060568,46,"GRC","Greece","Europe"
"47",47,0.000631856005759883,8.38405828655295e-06,0.000689741167873548,0.00455846405256289,1.92301057457967e-05,0.000186652251593879,0.993052576140944,1.82476585518765e-07,6.21112277018184e-05,2.22570157425103e-05,0.000158147714392346,0.000610397782811337,47,"HND","Honduras","Americas"
"48",48,0.00083512158397923,5.82384455022916e-05,0.000136964367657114,0.996968449126062,1.55421368356747e-05,3.68632769069175e-06,0.000188245027582132,3.66331567383858e-06,0.000214436115914034,2.82757086705998e-05,0.000101889693826441,0.00144548815060568,48,"HRV","Croatia","Europe"
"49",49,0.00083512158397923,5.82384455022916e-05,0.000136964367657114,0.996968449126062,1.55421368356747e-05,3.68632769069175e-06,0.000188245027582132,3.66331567383858e-06,0.000214436115914034,2.82757086705998e-05,0.000101889693826441,0.00144548815060568,49,"HUN","Hungary","Europe"
"50",50,0.000219374807086399,0.000194054058173245,0.00011029701004196,0.000594331357605306,0.0202142616857496,0.00139227573285145,0.000445504792907911,0.00185780343377367,0.000258066549839411,5.75824029762018e-05,0.000622526606549688,0.974033921562445,50,"IDN","Indonesia","Asia"
"51",51,0.00083512158397923,5.82384455022916e-05,0.000136964367657114,0.996968449126062,1.55421368356747e-05,3.68632769069175e-06,0.000188245027582132,3.66331567383858e-06,0.000214436115914034,2.82757086705998e-05,0.000101889693826441,0.00144548815060568,51,"IRL","Ireland","Europe"
"52",52,0.114739172735907,0.00163763046276628,0.000723046638989379,0.755959380123976,0.000389958698004399,0.000438600648843092,0.00349474171087005,0.000435243524549637,0.00146348949144917,0.00115388657909621,0.00128801653668098,0.118276832848868,52,"ISL","Iceland","Europe"
"53",53,0.711276575928949,0.00199840341326338,0.000262280637890732,0.276396320333364,4.86514585043429e-05,0.000185599951595845,0.00145283552670369,0.000148454753207142,0.00079606689609476,0.00100083633148653,0.000590544758008338,0.00584343001093308,53,"ISR","Israel","Asia"
"54",54,0.00083512158397923,5.82384455022916e-05,0.000136964367657114,0.996968449126062,1.55421368356747e-05,3.68632769069175e-06,0.000188245027582132,3.66331567383858e-06,0.000214436115914034,2.82757086705998e-05,0.000101889693826441,0.00144548815060568,54,"ITA","Italy","Europe"
"55",55,0.00443078998093966,0.000639124351069707,0.00144483686366728,0.369456204796102,0.00093177636890556,0.000458716876410584,0.00340444899718175,0.000493558724869943,0.00118425783113193,0.0003507026335593,0.000884214611943613,0.616321367964219,55,"JAM","Jamaica","Americas"
"56",56,0.00333735407683692,0.000719931485228271,0.0451276797284524,0.00155054726116642,0.0117392032831838,0.0145248123078718,0.000544669079420791,0.0754310350397496,0.789211878014532,0.000422521689434827,0.0010015738046869,0.0563887942294366,56,"JOR","Jordan","Asia"
"57",57,0.755750654654988,0.00109434395801968,0.000204209169481647,0.235776363895302,2.8770479573862e-05,0.0001819484108171,0.00156082829535216,9.54859862747357e-05,0.000647620329631663,0.00147009671229244,0.000520437223828863,0.0026692408844379,57,"JPN","Japan","Asia"
"58",58,5.51646910473789e-05,6.53784869715629e-05,0.984477825929898,0.0138584450411492,1.3938147086035e-05,9.24168775103351e-05,0.00029222786903408,0.000237533973018027,0.000432054289282893,2.1001455117822e-05,5.01138269898497e-05,0.000403899412894807,58,"KEN","Kenya","Africa"
"59",59,0.997629835203171,0.000276788960678639,1.44930619929747e-05,0.000598669909195587,4.64484285767268e-06,0.000233052245199494,0.000354916130495339,4.81108144019808e-05,7.83167496049408e-05,0.000376389189491687,0.000101280247201649,0.000283502645709311,59,"KGZ","Kyrgyzstan","Asia"
"60",60,1.45671330160139e-05,4.59043549304985e-05,2.40765695334119e-05,5.57882856961956e-06,0.000289680206813136,0.000108213191833186,3.48671844781692e-09,0.997510416146167,0.000205839214644835,0.00148774131532764,6.53832247530916e-06,0.000301441229970534,60,"KHM","Cambodia","Asia"
"61",61,0.000826620045763768,0.0979618926052471,0.284522890750575,0.0147643946593114,0.00589511563276737,0.00491308053872567,0.000112055809585711,0.157713107276523,0.423127010959863,0.00218739547383428,0.00157167400054286,0.00640476224726175,61,"KNA","St. Kitts & Nevis","Americas"
"62",62,0.00147571501462878,0.000218823937240358,0.000295396335591011,0.12146356080689,0.000455213802661942,0.000151143152167461,0.000612732986834351,0.000312289829221432,0.000271419026275118,0.000102800116855136,0.000289524232002344,0.874351380759632,62,"KOR","South Korea","Asia"
"63",63,0.000925681126728844,0.000159500208221294,0.000201188930296113,0.0877978155831581,0.000356301140949012,0.000101246635443232,0.000459358071965094,0.000239759246486343,0.00017085047762053,6.86516407568949e-05,0.000169370244447029,0.909350276693927,63,"KOR","South Korea","Asia"
"64",64,0.00954971740968734,0.00104269254943263,0.00486152140161152,0.22293868263108,0.0390730820549089,0.252029565545643,0.00911556050947122,0.00481888666806083,0.0421124749184614,0.0218252431420317,0.188519966580019,0.204112606589593,64,"KWT","Kuwait","Asia"
"65",65,0.000382746994964739,4.54811503976153e-05,0.000351827792025815,1.7718740105126e-06,0.000421868057218664,0.851591704499394,2.35437909696515e-05,0.106865213236399,0.000523803870454431,0.0390890888190654,0.000247628833891451,0.000455321081208547,65,"LAO","Laos","Asia"
"66",66,0.00172982464362096,0.000355924963257843,0.15824104254367,0.00530971409682939,0.00205518495171909,0.185637922717705,0.00990540643903038,0.102431061324555,0.00404041260281162,0.0163876859524808,0.000734558215765731,0.513171261548555,66,"LBN","Lebanon","Asia"
"67",67,0.00168426900113514,0.543161468064112,0.00100436424322458,0.00964869196889325,0.00225527072172368,0.000275636227525695,1.77124259945725e-05,0.127678024808296,0.000509307037569753,0.00266741759242847,0.00085230796520311,0.310245529943894,67,"LBR","Liberia","Africa"
"68",68,0.000708676333855665,0.00023896595455836,0.00034514402430192,0.0269798728532919,0.000582055268327577,0.000324812680034888,0.000618239313948114,0.000697027021737565,0.00029278722729046,0.000204872388992315,0.000283340012429866,0.968724206921231,68,"LCA","St. Lucia","Americas"
"69",69,0.00156159831481501,0.000784550502533959,0.000757736880839175,0.000171871743078535,0.0305249580132217,0.236547138376727,0.000167311176654562,0.0317215796564246,0.455094510514366,0.138579573781649,0.10294422594276,0.00114494509693054,69,"LKA","Sri Lanka","Asia"
"70",70,0.00083512158397923,5.82384455022916e-05,0.000136964367657114,0.996968449126062,1.55421368356747e-05,3.68632769069175e-06,0.000188245027582132,3.66331567383858e-06,0.000214436115914034,2.82757086705998e-05,0.000101889693826441,0.00144548815060568,70,"LTU","Lithuania","Europe"
"71",71,0.00083512158397923,5.82384455022916e-05,0.000136964367657114,0.996968449126062,1.55421368356747e-05,3.68632769069175e-06,0.000188245027582132,3.66331567383858e-06,0.000214436115914034,2.82757086705998e-05,0.000101889693826441,0.00144548815060568,71,"LUX","Luxembourg","Europe"
"72",72,0.00083512158397923,5.82384455022916e-05,0.000136964367657114,0.996968449126062,1.55421368356747e-05,3.68632769069175e-06,0.000188245027582132,3.66331567383858e-06,0.000214436115914034,2.82757086705998e-05,0.000101889693826441,0.00144548815060568,72,"LVA","Latvia","Europe"
"73",73,0.000738971549090716,0.000527373703555858,0.00185600931354103,0.0331670355851914,0.0213340306309312,0.00112861577744063,0.0372779994274675,1.78907002899548e-05,0.00140933329769364,0.00023316607356052,0.899810541871547,0.00249903206969089,73,"MAR","Morocco","Africa"
"74",74,0.000539566685597928,0.000110198918237162,0.000645391057426733,5.58673259868067e-05,0.02013413014105,0.641676285268287,0.0011966137051984,0.00100586989497553,0.00495826421767054,0.00123756558176937,0.32696336347821,0.00147688372559033,74,"MCO","Monaco","Europe"
"75",75,0.000126914154872772,0.997915031640224,2.50109767903643e-05,6.72324287264076e-05,5.91469509827731e-05,4.1489203498825e-06,9.83255079666632e-06,7.07342870728907e-05,1.53729683591692e-05,8.1449851019115e-05,0.000801214126454489,0.000823911144351136,75,"MDA","Moldova","Europe"
"76",76,0.00146195448282097,0.000321345928333791,0.000498174783569546,0.231776896869888,0.00071372525734385,0.000219345233261933,0.000797862459406098,0.000464917199880801,0.000617982493411497,0.000193751879368412,0.000436429982330059,0.762497613430385,76,"MDV","Maldives","Asia"
"77",77,0.00203321479985648,0.000380893970401268,0.00606800711868026,0.031801142739884,0.000679389891594529,0.00115018220980535,0.313816617556121,5.3281401694302e-05,0.000339329838358035,0.000180420526825554,0.00434998811771814,0.639147531829061,77,"MEX","Mexico","Americas"
"78",78,0.58540054092654,0.00642725921909907,0.00300911894804607,0.0116140899658421,0.00457070762596463,0.14059587933403,0.0162466403620131,0.0039452280394926,0.0160642934232137,0.0187095615605529,0.175511171585222,0.0179055090099835,78,"MHL","Marshall Islands","Oceania"
"79",79,0.965632725061791,0.00110879172968987,0.000216041482625004,0.0252497205949465,0.000118736751019622,0.00052636574073516,0.000225763941185758,0.0016408872220385,0.000632077286803414,0.000959970290431429,0.0019617980770063,0.00172712182172695,79,"MKD","North Macedonia","Europe"
"80",80,0.00083512158397923,5.82384455022916e-05,0.000136964367657114,0.996968449126062,1.55421368356747e-05,3.68632769069175e-06,0.000188245027582132,3.66331567383858e-06,0.000214436115914034,2.82757086705998e-05,0.000101889693826441,0.00144548815060568,80,"MLT","Malta","Europe"
"81",81,0.000114987338710181,0.000145049476024363,1.80495740109332e-05,5.84897691587974e-05,0.000146706772724208,0.000150971520854136,5.61014834222096e-05,4.26585450072879e-06,0.000186680641693218,0.00018354636037397,0.998862181412987,7.29697955411668e-05,81,"MMR","Myanmar (Burma)","Asia"
"82",82,0.000995528511637988,0.000251583916306947,0.00035543030665328,0.0215377899550481,0.000765006614744757,0.000447934871761564,0.00100678704272874,0.000565264508101982,0.000267002129919987,0.000139903887926802,0.000336485268762075,0.973331282986408,82,"MNE","Montenegro","Europe"
"83",83,0.000417435743710722,1.72860363647077e-05,0.00173061177985208,0.000148791819525012,0.0131045292328983,0.805294817815068,0.000910305051614107,0.002600984826563,0.17010554417768,0.000544041818727209,0.00356822943610909,0.00155742226188679,83,"MNG","Mongolia","Asia"
"84",84,0.865619148089365,0.00043245729374649,3.70016045813106e-05,0.0278934237836186,5.19609352986951e-06,0.000257710351064827,0.000250250542151642,0.00026215410396602,0.000321471509777906,0.104370914876483,0.000215540662782455,0.00033473108893255,84,"MUS","Mauritius","Africa"
"85",85,0.00010249795852982,5.39710808077583e-05,5.19904660348929e-06,1.70346859088188e-05,7.22277706539585e-06,0.000371348309218361,1.38916192151454e-05,9.65191946213257e-05,4.00456471436389e-05,0.997623553508121,0.00165239926868305,1.63169040825215e-05,85,"MWI","Malawi","Africa"
"86",86,0.00856271906185319,0.00424867212820366,0.113124558250799,0.353895358418089,0.00572643212690881,0.0110977127635653,0.000700128923816402,0.230520874253777,0.0153184156685955,0.00672940956839421,0.00257849382347931,0.247497225012519,86,"MYS","Malaysia","Asia"
"87",87,0.000632465025725733,0.997623814286054,6.25117315176656e-05,0.000208483493262529,4.99913775780998e-05,8.75324242824248e-06,1.71156374233154e-05,0.000180365746304331,4.0172963027045e-05,0.000275283156299711,0.000403521820013021,0.000497521520366366,87,"NAM","Namibia","Africa"
"88",88,0.0655670236275305,0.000241305386067658,0.0330223633277728,0.0004606897841896,0.00013002799353789,0.178849710475747,0.695239791062501,0.000510352781006895,0.00135698509449043,0.0223737380127372,0.00101477473449816,0.00123323771992115,88,"NIC","Nicaragua","Americas"
"89",89,0.00083512158397923,5.82384455022916e-05,0.000136964367657114,0.996968449126062,1.55421368356747e-05,3.68632769069175e-06,0.000188245027582132,3.66331567383858e-06,0.000214436115914034,2.82757086705998e-05,0.000101889693826441,0.00144548815060568,89,"NLD","Netherlands","Europe"
"90",90,0.0126392202811542,0.00109811503443472,0.00125321552625615,0.790975708631759,0.000747207835253099,0.000377333283260244,0.00225188756703066,0.00049680054622538,0.00196216003237259,0.00067650549291151,0.00126086013977236,0.18626098562957,90,"NOR","Norway","Europe"
"91",91,0.222729947276019,0.0102168353152122,0.00427378196094288,0.0636156297088492,0.00604892885436711,0.0883828418435509,0.00296683650755261,0.105391876646026,0.00559928162710632,0.0348911172383599,0.00545879945773038,0.450424123564284,92,"NZL","New Zealand","Oceania"
"92",92,0.000329045517952973,4.63615486711232e-06,0.000441526656861988,0.000489415371484549,1.77469731695752e-05,0.000382990498325949,0.997679469177123,1.88890198486631e-07,3.92248905359829e-05,1.84987837031304e-05,0.000127633836853098,0.000469623248923893,93,"PAN","Panama","Americas"
"93",93,0.00119481310300109,1.93648501040366e-05,0.00151580530745582,0.00134419455247271,4.28926690679552e-05,0.000864885599799131,0.992864149513455,1.27223160155108e-06,0.000103408528557965,5.40266804102805e-05,0.0002569335982958,0.00173825336577876,94,"PER","Peru","Americas"
"94",94,0.00083512158397923,5.82384455022916e-05,0.000136964367657114,0.996968449126062,1.55421368356747e-05,3.68632769069175e-06,0.000188245027582132,3.66331567383858e-06,0.000214436115914034,2.82757086705998e-05,0.000101889693826441,0.00144548815060568,95,"POL","Poland","Europe"
"95",95,0.00083512158397923,5.82384455022916e-05,0.000136964367657114,0.996968449126062,1.55421368356747e-05,3.68632769069175e-06,0.000188245027582132,3.66331567383858e-06,0.000214436115914034,2.82757086705998e-05,0.000101889693826441,0.00144548815060568,96,"PRT","Portugal","Europe"
"96",96,8.40128204122567e-05,8.5476538250126e-07,8.23227541869132e-05,5.41056357673334e-05,2.48153572216596e-06,6.55517261168771e-05,0.999614815038253,1.16365230405685e-08,4.59992703790066e-06,2.96553449008213e-06,2.68509889976533e-05,6.14276371103521e-05,97,"PRY","Paraguay","Americas"
"97",97,0.00137431199487027,1.01529563311406e-05,0.00315695830557302,0.0449329431427984,0.00127375678344318,0.119796442326558,0.00120653186783004,0.000550165103267359,0.82225943573072,0.000383380176033579,0.00100823573817845,0.00404768587439714,98,"PSE","Palestinian Territories","Asia"
"98",98,0.000459288054085838,0.000352340727087689,0.000651260365910928,0.000558468023481953,0.00270919242105534,0.00334703476260408,0.000137576008860372,0.000255803247125202,0.563619383615025,0.000619452097557907,0.426765155316443,0.000525045360761894,99,"QAT","Qatar","Asia"
"99",99,0.00083512158397923,5.82384455022916e-05,0.000136964367657114,0.996968449126062,1.55421368356747e-05,3.68632769069175e-06,0.000188245027582132,3.66331567383858e-06,0.000214436115914034,2.82757086705998e-05,0.000101889693826441,0.00144548815060568,100,"ROU","Romania","Europe"
"100",100,0.00014723707567948,5.80278567094979e-05,5.94073344544115e-06,2.94515622269212e-05,2.10316940330003e-06,0.00014565028132438,1.0909585103974e-05,0.000142970717606021,2.01915651929026e-05,0.999338072683563,7.71965651749707e-05,2.22482045705629e-05,101,"RWA","Rwanda","Africa"
"101",101,0.000837729697419397,0.000406535350747695,0.00119114625975602,0.000989628596104405,0.00258858793414066,0.00595860320394136,0.000244844398134782,0.000447812831729351,0.776514111821101,0.00107496899411558,0.208933184429428,0.000812846483381345,102,"SAU","Saudi Arabia","Asia"
"102",102,0.209627238292053,0.00466537692790066,0.000651836329009852,0.238311480917224,0.00343792266481655,0.00260886932270631,0.00301966457259757,0.00137560121051249,0.00552626404466176,0.0045988893696492,0.178145209117425,0.348031647231444,103,"SGP","Singapore","Asia"
"103",103,0.000112586684983808,1.25307038131756e-06,0.000173758486508671,2.18769622489421e-06,0.000302892284223884,0.997154756569119,0.000284375325572904,0.00052031147550774,0.000616575435311088,0.000276241180069951,0.000252437930222921,0.000302623861874852,104,"SLB","Solomon Islands","Oceania"
"104",104,0.000161467525403391,9.85440007347949e-05,0.000145484491597957,8.60224946679739e-07,0.000391565629186042,0.115325753608175,5.9439256166439e-07,0.845871782513414,0.000406232132441216,0.0373260123659685,6.81882206911762e-05,0.000203514894879503,105,"SLE","Sierra Leone","Africa"
"105",105,0.000597286710761095,0.00059161173639659,0.000472373720229581,0.000547226875841436,0.019828524578851,0.00871480715195015,7.84436099092324e-05,0.149542872224532,0.000825066406432922,0.00150406937168012,0.000500339084167814,0.816797378529248,106,"SOM","Somalia","Africa"
"106",106,0.108143418142692,0.00144191621395668,0.00116354093763045,0.00478151836561682,0.0114937146205436,0.0121601976143018,0.246834898901572,0.00119786798444912,0.000882306120442367,0.000802103764147394,0.00203238833335938,0.609066129001288,107,"STP","São Tomé & Príncipe","Africa"
"107",107,0.00083512158397923,5.82384455022916e-05,0.000136964367657114,0.996968449126062,1.55421368356747e-05,3.68632769069175e-06,0.000188245027582132,3.66331567383858e-06,0.000214436115914034,2.82757086705998e-05,0.000101889693826441,0.00144548815060568,108,"SVK","Slovakia","Europe"
"108",108,0.00083512158397923,5.82384455022916e-05,0.000136964367657114,0.996968449126062,1.55421368356747e-05,3.68632769069175e-06,0.000188245027582132,3.66331567383858e-06,0.000214436115914034,2.82757086705998e-05,0.000101889693826441,0.00144548815060568,109,"SVN","Slovenia","Europe"
"109",109,0.00083512158397923,5.82384455022916e-05,0.000136964367657114,0.996968449126062,1.55421368356747e-05,3.68632769069175e-06,0.000188245027582132,3.66331567383858e-06,0.000214436115914034,2.82757086705998e-05,0.000101889693826441,0.00144548815060568,110,"SWE","Sweden","Europe"
"110",110,0.000415760581343973,0.00056905489499971,0.000669004036011975,0.012798208686083,0.198672618400905,0.00357060870981837,1.80688414576309e-05,0.464672493437571,0.00213941273986319,0.00135325483575446,0.000764590671490856,0.314356924164701,111,"SWZ","Eswatini","Africa"
"111",111,0.000714400308163229,4.91219871079003e-05,0.00360593464595902,0.00946661282261504,0.0193953373431827,0.287319010738628,0.000286937002404756,0.0367072675897472,0.433425430693177,0.000467916111831782,0.00109781468033767,0.207464216076846,112,"SYC","Seychelles","Africa"
"112",112,0.000438826209793129,0.000190976031287323,0.000297238699732094,0.000759716190159154,0.00578130501781143,0.0045997921875029,0.00139079280209535,0.00158754725548255,0.000344818774431441,0.00013868958507482,0.000718623662893056,0.983751673583737,113,"THA","Thailand","Asia"
"113",113,0.000324652733357506,0.000283127164175718,0.000232675418041562,0.000747754742072545,0.0113827549939589,0.00247704067467576,0.000247197668433026,0.00806810264629372,0.000342603739321288,0.000223131183287455,0.000446166196855404,0.975224792839527,114,"TJK","Tajikistan","Asia"
"114",114,0.358419805605658,0.635398936897005,9.15675795246783e-05,0.000650580376985887,4.71608673545503e-05,0.000120293942572761,0.000697653617573759,0.000311707969844135,9.58317524431362e-05,0.000853469918200965,0.000597350053110144,0.00271564141972614,115,"TZA","Tanzania","Africa"
"115",115,0.217217663550836,0.00344770560688795,0.00348864303444826,0.360950291692439,0.000226233581651929,0.00262017433111035,0.1595440684669,0.000469599863315263,0.00215249860092576,0.227313428410106,0.00296841046161365,0.0196012823997658,116,"UGA","Uganda","Africa"
"116",116,0.144825801401119,0.000768187710644374,0.000233369425893096,0.0904870324370222,0.000369859755462053,0.000908923292445622,0.00223996848563434,0.000706195085997794,0.000521317097134894,0.000648578903476704,0.000812749106769355,0.7574780172984,117,"UKR","Ukraine","Europe"
"117",117,0.87725602493088,0.000485841323069538,6.51673425204397e-05,0.118290322154995,1.26078379581117e-05,8.09549627739217e-05,0.000677755480846117,4.93672446376939e-05,0.000249986715756091,0.000399483717639685,0.000184662313974984,0.00224782597494767,118,"USA","United States","Americas"
"118",118,0.000243854543699019,2.72741014690185e-06,0.000308968190932555,6.90832142990628e-06,0.000432769037104372,0.995280198947288,0.000646201147882457,0.000684096603718972,0.000780160627355708,0.000374303573837392,0.000430112087996896,0.000809699508607423,119,"UZB","Uzbekistan","Asia"
"119",119,2.81592264234725e-05,0.000192278444930681,2.60311948581438e-05,0.00010236105752597,0.939208208653817,0.00164925390354587,8.03059077089449e-05,0.00051828197837132,0.000925431982029329,4.50159559028017e-05,0.0550585471208956,0.00216612457399125,120,"VNM","Vietnam","Asia"
"120",120,0.00104842188823187,0.000410872323160716,6.92401480198547e-05,0.00829375514042167,0.000215232732402912,0.000546608312752036,0.000381097495498705,0.00187284486430975,0.000107785154823486,0.111192391908656,0.000386287516722005,0.875475462515001,121,"VUT","Vanuatu","Oceania"
"121",121,0.000342977707754529,0.000181170735873986,0.000162877300793815,0.00356109335501459,0.00319089653910157,0.00075285098941611,0.000396106626743242,0.000989504584848516,0.000249213850977279,7.99851879630678e-05,0.00040737866492666,0.989685944456587,122,"ZAF","South Africa","Africa"
"122",122,0.00402057705630332,0.000560833698026717,0.000632759669215387,0.196110514269676,0.000722161961973233,0.000323203899911189,0.00156155602927942,0.000558277313559635,0.000559109240795426,0.000292149312516543,0.000524790698871437,0.794134066849872,123,"ZMB","Zambia","Africa"
"123",123,0.00188353531193104,0.00036796481326272,0.000317968105095493,0.119203594199994,0.00390649449892322,0.000378557489337694,0.00102942013071341,0.000669958057367808,0.00051514792955685,0.000143524901636546,0.000606322888087141,0.870977511674094,124,"ZMB","Zambia","Africa"
"124",124,0.00739281283647484,0.743831056251068,0.000173243465657183,0.0167835773398368,0.000125968028954772,7.56289196183408e-05,0.000125761570857104,0.000788932858509659,0.000360327251357168,0.224433546359728,0.00502171848748631,0.0008874266304521,125,"ZWE","Zimbabwe","Africa"
