name,entity_type,TotalMembers,MaleMembers,FemaleMembers
Afghanistan,Parties,15,13,2
Albania,Parties,2,1,1
Algeria,Parties,26,16,10
Andorra,Parties,8,5,3
Angola,Parties,23,16,7
Antigua and Barbuda,Parties,13,6,7
Argentina,Parties,51,36,15
Armenia,Parties,9,4,5
Australia,Parties,21,8,13
Austria,Parties,36,19,17
Azerbaijan,Parties,5,5,0
Bahamas,Parties,9,5,4
Bahrain,Parties,9,7,2
Bangladesh,Parties,113,97,16
Barbados,Parties,6,5,1
Belarus,Parties,7,6,1
Belgium,Parties,41,29,12
Belize,Parties,27,14,13
Benin,Parties,51,38,13
Bhutan,Parties,32,20,12
Bolivia (Plurinational State of),Parties,3,1,2
Bosnia and Herzegovina,Parties,4,3,1
Botswana,Parties,26,11,15
Brazil,Parties,159,118,41
Brunei Darussalam,Parties,5,1,4
Bulgaria,Parties,13,3,10
Burkina Faso,Parties,43,41,2
Burundi,Parties,15,12,3
Cabo Verde,Parties,32,14,18
Cambodia,Parties,23,20,3
Cameroon,Parties,31,24,7
Canada,Parties,118,55,63
Central African Republic,Parties,8,7,1
Chad,Parties,23,21,2
Chile,Parties,117,68,49
China,Parties,66,45,21
Colombia,Parties,27,10,17
Comoros,Parties,8,7,1
Congo,Parties,84,68,16
Cook Islands,Parties,11,4,7
Costa Rica,Parties,47,17,30
Côte d'Ivoire,Parties,130,106,24
Croatia,Parties,26,11,15
Cuba,Parties,8,5,3
Cyprus,Parties,5,2,3
Czechia,Parties,35,20,15
Democratic People's Republic of Korea,Parties,3,1,2
Democratic Republic of the Congo,Parties,71,61,10
Denmark,Parties,46,23,23
Djibouti,Parties,6,5,1
Dominica,Parties,4,2,2
Dominican Republic,Parties,73,42,31
Ecuador,Parties,41,31,10
Egypt,Parties,28,19,9
El Salvador,Parties,12,7,5
Equatorial Guinea,Parties,30,25,5
Eritrea,Parties,3,3,0
Estonia,Parties,16,5,11
Eswatini,Parties,14,8,6
Ethiopia,Parties,42,33,9
European Union,Parties,128,75,53
Fiji,Parties,36,23,13
Finland,Parties,53,11,42
France,Parties,8,6,2
Gabon,Parties,2,2,0
Gambia,Parties,38,24,14
Georgia,Parties,12,7,5
Germany,Parties,101,55,46
Ghana,Parties,61,45,16
Greece,Parties,36,24,12
Grenada,Parties,12,8,4
Guatemala,Parties,37,23,14
Guinea,Parties,71,52,19
Guinea-Bissau,Parties,19,12,7
Guyana,Parties,5,3,2
Haiti,Parties,21,15,6
Honduras,Parties,72,49,23
Hungary,Parties,17,7,10
Iceland,Parties,7,3,4
India,Parties,36,24,12
Indonesia,Parties,142,91,51
Iran (Islamic Republic of),Parties,15,13,2
Iraq,Parties,41,29,12
Ireland,Parties,22,14,8
Israel,Parties,24,11,13
Italy,Parties,66,42,24
Jamaica,Parties,13,3,10
Japan,Parties,126,94,32
Jordan,Parties,6,5,1
Kazakhstan,Parties,18,13,5
Kenya,Parties,64,39,25
Kiribati,Parties,13,7,6
Kuwait,Parties,26,23,3
Kyrgyzstan,Parties,2,0,2
Lao People's Democratic Republic,Parties,9,7,2
Latvia,Parties,18,5,13
Lebanon,Parties,6,2,4
Lesotho,Parties,24,15,9
Liberia,Parties,34,24,10
Libya,Parties,5,5,0
Liechtenstein,Parties,4,1,3
Lithuania,Parties,7,2,5
Luxembourg,Parties,0,0,0
Madagascar,Parties,3,3,0
Malawi,Parties,40,29,11
Malaysia,Parties,20,12,8
Maldives,Parties,10,7,3
Mali,Parties,46,33,13
Malta,Parties,8,3,5
Marshall Islands,Parties,18,7,11
Mauritania,Parties,36,33,3
Mauritius,Parties,4,4,0
Mexico,Parties,26,11,15
Micronesia (Federated States of),Parties,14,7,7
Monaco,Parties,1,1,0
Mongolia,Parties,8,4,4
Montenegro,Parties,15,10,5
Morocco,Parties,68,58,10
Mozambique,Parties,37,22,15
Myanmar,Parties,20,12,8
Namibia,Parties,23,13,10
Nauru,Parties,17,13,4
Nepal,Parties,13,11,2
Netherlands,Parties,38,21,17
New Zealand,Parties,20,8,12
Nicaragua,Parties,9,8,1
Niger,Parties,36,26,10
Nigeria,Parties,53,40,13
Niue,Parties,6,2,4
North Macedonia,Parties,7,3,4
Norway,Parties,41,23,18
Oman,Parties,14,13,1
Pakistan,Parties,14,13,1
Palau,Parties,4,3,1
Panama,Parties,22,9,13
Papua New Guinea,Parties,28,16,12
Paraguay,Parties,35,25,10
Peru,Parties,65,33,32
Philippines,Parties,13,5,8
Poland,Parties,39,20,19
Portugal,Parties,80,46,34
Qatar,Parties,46,41,5
Republic of Korea,Parties,81,54,27
Republic of Moldova,Parties,5,2,3
Romania,Parties,16,5,11
Russian Federation,Parties,54,39,15
Rwanda,Parties,18,11,7
Saint Kitts and Nevis,Parties,8,4,4
Saint Lucia,Parties,11,3,8
Saint Vincent and the Grenadines,Parties,4,0,4
Samoa,Parties,13,6,7
Sao Tome and Principe,Parties,3,2,1
Saudi Arabia,Parties,36,30,6
Senegal,Parties,81,69,12
Serbia,Parties,18,7,11
Seychelles,Parties,31,15,16
Sierra Leone,Parties,19,17,2
Singapore,Parties,31,19,12
Slovakia,Parties,33,18,15
Slovenia,Parties,10,3,7
Solomon Islands,Parties,15,11,4
Somalia,Parties,3,2,1
South Africa,Parties,42,27,15
South Sudan,Parties,0,0,0
Spain,Parties,151,72,79
Sri Lanka,Parties,5,3,2
State of Palestine,Parties,13,10,3
Sudan,Parties,63,29,34
Suriname,Parties,9,4,5
Sweden,Parties,36,17,19
Switzerland,Parties,16,12,4
Syrian Arab Republic,Parties,1,0,1
Tajikistan,Parties,4,4,0
Thailand,Parties,73,31,42
Timor-Leste,Parties,14,11,3
Togo,Parties,32,23,9
Tonga,Parties,39,18,21
Trinidad and Tobago,Parties,5,2,3
Tunisia,Parties,65,42,23
Turkey,Parties,65,41,24
Turkmenistan,Parties,4,4,0
Tuvalu,Parties,17,9,8
Uganda,Parties,76,53,23
Ukraine,Parties,16,11,5
United Arab Emirates,Parties,74,39,35
United Kingdom of Great Britain and Northern Ireland,Parties,50,22,28
United Republic of Tanzania,Parties,26,16,10
United States of America,Parties,72,37,35
Uruguay,Parties,15,5,10
Uzbekistan,Parties,6,5,1
Vanuatu,Parties,16,11,5
Venezuela (Bolivarian Republic of),Parties,29,21,8
Viet Nam,Parties,52,33,19
Yemen,Parties,13,13,0
Zambia,Parties,11,9,2
Zimbabwe,Parties,68,39,29
Holy See,Observer States,7,6,1
United Nations Secretariat,United Nations Secretariat units and bodies,24,13,11
United Nations General Assembly,United Nations Secretariat units and bodies,7,4,3
Department of Economic and Social Affairs,United Nations Secretariat units and bodies,13,9,4
Economic and Social Commission for Asia and the Pacific,United Nations Secretariat units and bodies,2,1,1
Economic and Social Commission for Western Asia,United Nations Secretariat units and bodies,6,3,3
Economic Commission for Africa,United Nations Secretariat units and bodies,3,3,0
"Office of the High Representative for the Least Developed Countries, Landlocked Developing Countries and Small Island Developing States",United Nations Secretariat units and bodies,4,2,2
Office of the United Nations High Commissioner for Human Rights,United Nations Secretariat units and bodies,18,11,7
Office of the United Nations High Commissioner for Refugees,United Nations Secretariat units and bodies,8,1,7
Secretariat of the Convention on Biological Diversity,United Nations Secretariat units and bodies,2,0,2
Secretariat of the United Nations Convention to Combat Desertification,United Nations Secretariat units and bodies,4,3,1
United Nations Capital Development Fund,United Nations Secretariat units and bodies,5,3,2
United Nations Children’s Fund,United Nations Secretariat units and bodies,56,18,38
United Nations Conference on Trade and Development,United Nations Secretariat units and bodies,2,0,2
United Nations Department of Public Information,United Nations Secretariat units and bodies,1,1,0
United Nations Development Programme,United Nations Secretariat units and bodies,24,8,16
United Nations Economic Commission for Europe,United Nations Secretariat units and bodies,7,3,4
United Nations Economic Commission for Latin America and the Caribbean,United Nations Secretariat units and bodies,12,7,5
United Nations Entity for Gender Equality and the Empowerment of Women,United Nations Secretariat units and bodies,5,2,3
United Nations Environment Programme,United Nations Secretariat units and bodies,16,12,4
United Nations Human Settlements Programme,United Nations Secretariat units and bodies,22,11,11
United Nations Institute for Training and Research,United Nations Secretariat units and bodies,15,8,7
United Nations Office for Disaster Risk Reduction,United Nations Secretariat units and bodies,4,1,3
United Nations Office for Project Services,United Nations Secretariat units and bodies,14,5,9
United Nations Population Fund,United Nations Secretariat units and bodies,1,0,1
United Nations University - Institute for Environment and Human Security,United Nations Secretariat units and bodies,17,11,6
United Nations Volunteers,United Nations Secretariat units and bodies,1,0,1
World Food Programme,United Nations Secretariat units and bodies,13,4,9
Food and Agriculture Organization of the United Nations,Specialized agencies and related organizations,21,11,10
Global Environment Facility,Specialized agencies and related organizations,21,12,9
Green Climate Fund,Specialized agencies and related organizations,30,20,10
Intergovernmental Oceanographic Commission,Specialized agencies and related organizations,17,11,6
International Atomic Energy Agency,Specialized agencies and related organizations,11,8,3
International Civil Aviation Organization,Specialized agencies and related organizations,3,2,1
International Fund for Agricultural Development,Specialized agencies and related organizations,8,5,3
International Labour Organization,Specialized agencies and related organizations,23,7,16
International Maritime Organization,Specialized agencies and related organizations,3,3,0
International Monetary Fund,Specialized agencies and related organizations,4,2,2
International Organization for Migration,Specialized agencies and related organizations,3,0,3
International Telecommunication Union,Specialized agencies and related organizations,7,6,1
"United Nations Educational, Scientific and Cultural Organization",Specialized agencies and related organizations,14,8,6
United Nations Global Compact,Specialized agencies and related organizations,15,7,8
United Nations Industrial Development Organization,Specialized agencies and related organizations,11,7,4
WMO/UNEP Intergovernmental Panel on Climate Change,Specialized agencies and related organizations,68,35,33
World Bank,Specialized agencies and related organizations,38,18,20
World Bank Group,Specialized agencies and related organizations,40,23,17
World Health Organization,Specialized agencies and related organizations,20,6,14
World Intellectual Property Organization,Specialized agencies and related organizations,2,2,0
World Meteorological Organization,Specialized agencies and related organizations,30,18,12
World Tourism Organization,Specialized agencies and related organizations,40,14,26
World Trade Organization,Specialized agencies and related organizations,2,2,0
Adaptation Fund Board,Intergovernmental organizations,11,4,7
African Centre of Meteorological Application for Development,Intergovernmental organizations,14,10,4
African Development Bank Group,Intergovernmental organizations,16,8,8
African Union Commission,Intergovernmental organizations,32,18,14
"African, Caribbean and Pacific Group of States",Intergovernmental organizations,4,2,2
Asian Development Bank,Intergovernmental organizations,10,7,3
Autorité de développement intégré de la région du Liptako-Gourma,Intergovernmental organizations,12,10,2
Banco Centroamericano de Integración Económica,Intergovernmental organizations,1,1,0
CAB International,Intergovernmental organizations,1,0,1
Caribbean Community Climate Change Centre,Intergovernmental organizations,9,4,5
Caribbean Community Secretariat,Intergovernmental organizations,2,1,1
Center for International Forestry Research,Intergovernmental organizations,16,6,10
CGIAR System Organization,Intergovernmental organizations,10,6,4
Comisión Centroamericana de Ambiente y Desarrollo,Intergovernmental organizations,5,4,1
Comité permanent inter-états de lutte contre la sécheresse au Sahel,Intergovernmental organizations,6,6,0
Commonwealth Secretariat,Intergovernmental organizations,11,5,6
Convention on Wetlands of International Importance especially as Waterfowl Habitat,Intergovernmental organizations,2,2,0
Corporación Andina de Fomento,Intergovernmental organizations,15,9,6
Council of Europe,Intergovernmental organizations,1,0,1
Council of Europe Development Bank,Intergovernmental organizations,1,0,1
East African Community,Intergovernmental organizations,1,1,0
Economic Community of Central African States,Intergovernmental organizations,4,3,1
Economic Community of West African States,Intergovernmental organizations,5,5,0
European Bank for Reconstruction and Development,Intergovernmental organizations,22,15,7
European Forest Institute,Intergovernmental organizations,4,2,2
European Investment Bank,Intergovernmental organizations,36,18,18
European Space Agency,Intergovernmental organizations,21,13,8
Fondo para el Desarrollo de los Pueblos Indígenas de América Latina y el Caribe,Intergovernmental organizations,4,1,3
Gas Exporting Countries Forum,Intergovernmental organizations,4,3,1
Global Green Growth Institute,Intergovernmental organizations,3,1,2
Global Water Partnership Organisation,Intergovernmental organizations,16,5,11
IGAD Climate Prediction and Applications Centre,Intergovernmental organizations,8,8,0
Institut International du Froid,Intergovernmental organizations,1,1,0
Instituto Interamericano de Cooperación para la Agricultura,Intergovernmental organizations,14,7,7
Integrated Carbon Observation System European Research Infrastructure Consortium,Intergovernmental organizations,3,3,0
Inter-American Development Bank,Intergovernmental organizations,50,27,23
Inter-Parliamentary Union,Intergovernmental organizations,3,0,3
International Center for Agricultural Research in the Dry Areas,Intergovernmental organizations,1,1,0
International Centre for Integrated Mountain Development,Intergovernmental organizations,7,4,3
International Centre for Research in Agroforestry,Intergovernmental organizations,12,8,4
International Cocoa Organization,Intergovernmental organizations,1,0,1
International Energy Agency,Intergovernmental organizations,19,10,9
International Federation of Red Cross and Red Crescent Societies,Intergovernmental organizations,18,10,8
International Network for Bamboo and Rattan,Intergovernmental organizations,9,6,3
International Potato Center,Intergovernmental organizations,2,1,1
International Renewable Energy Agency,Intergovernmental organizations,15,6,9
International Rice Research Institute,Intergovernmental organizations,2,2,0
International Solar Alliance,Intergovernmental organizations,7,5,2
"International Transport Forum, Organisation for Economic Co-operation and Development",Intergovernmental organizations,12,5,7
International Tropical Timber Organization,Intergovernmental organizations,2,2,0
International Union for Conservation of Nature,Intergovernmental organizations,24,10,14
International Water Management Institute,Intergovernmental organizations,5,1,4
Islamic Development Bank,Intergovernmental organizations,8,8,0
League of Arab States,Intergovernmental organizations,2,2,0
Nordic Council,Intergovernmental organizations,4,2,2
Nordic Council of Ministers,Intergovernmental organizations,20,11,9
Nordic Environment Finance Corporation,Intergovernmental organizations,5,5,0
Observatoire du Sahara et du Sahel,Intergovernmental organizations,4,3,1
Organisation for Economic Co-operation and Development,Intergovernmental organizations,24,13,11
Organisation Internationale de la Francophonie,Intergovernmental organizations,1,1,0
Organization of American States,Intergovernmental organizations,2,1,1
Organization of Arab Petroleum Exporting Countries,Intergovernmental organizations,2,2,0
Organization of the Petroleum Exporting Countries,Intergovernmental organizations,4,3,1
Pacific Islands Forum Secretariat,Intergovernmental organizations,1,0,1
Pan African Agency of the Great Green Wall,Intergovernmental organizations,2,2,0
Parliamentary Assembly of the Mediterranean,Intergovernmental organizations,4,2,2
Regional Center for Renewable Energy and Energy Efficiency,Intergovernmental organizations,1,0,1
Regional Community Forestry Training Center for Asia and the Pacific,Intergovernmental organizations,4,2,2
Secretaria General Iberoamericana,Intergovernmental organizations,7,3,4
Secrétariat général de l’union du Maghreb Arabe,Intergovernmental organizations,1,0,1
Secretariat of the Pacific Community,Intergovernmental organizations,7,5,2
Secretariat of the Union for the Mediterranean,Intergovernmental organizations,3,2,1
Technical Centre for Agricultural and Rural Cooperation EU-ACP,Non-governmental organizations,1,1,0
The European Organisation for the Exploitation of Meteorological Satellites,Non-governmental organizations,1,1,0
2° investing initiative (2°ii),Non-governmental organizations,2,1,1
A SEED Europe,Non-governmental organizations,3,0,3
A Sud Ecology and Cooperation - Onlus,Non-governmental organizations,4,1,3
Abibimman Foundation,Non-governmental organizations,6,5,1
Academy for Mountain Environics,Non-governmental organizations,2,0,2
ACT Alliance - Action by Churches Together,Non-governmental organizations,8,4,4
Action Planéterre,Non-governmental organizations,1,1,0
Action Solidarité Tiers-Monde a.s.b.l.,Non-governmental organizations,4,2,2
ActionAid International,Non-governmental organizations,5,2,3
Adelphi Research,Non-governmental organizations,5,3,2
"Advocates for the Environment, Inc.",Non-governmental organizations,1,1,0
Africa Centre for Citizens Orientation,Non-governmental organizations,3,2,1
Africa Youths International Development Foundation,Non-governmental organizations,3,2,1
African Centre for Technology Studies,Non-governmental organizations,4,2,2
African Climate Change Research Centre,Non-governmental organizations,14,11,3
African Forest Forum,Non-governmental organizations,2,0,2
African Wildlife Foundation,Non-governmental organizations,1,1,0
Agriconsulting S.p.A.,Non-governmental organizations,1,1,0
Air and Waste Management Association,Non-governmental organizations,3,2,1
All China Environment Federation,Non-governmental organizations,10,6,4
All India Women’s Conference,Non-governmental organizations,2,0,2
Alliance to Save Energy,Non-governmental organizations,4,1,3
Amazon Environmental Research Institute,Non-governmental organizations,3,2,1
Amazon Institute of People and the Environment,Non-governmental organizations,5,2,3
Amazon Watch,Non-governmental organizations,14,10,4
American Anthropological Association,Non-governmental organizations,7,1,6
American Chemical Society,Non-governmental organizations,8,4,4
American Federation of Labor and Congress of Industrial Organizations,Non-governmental organizations,4,3,1
American Sustainable Business Council,Non-governmental organizations,6,6,0
American University,Non-governmental organizations,4,0,4
American University of Beirut,Non-governmental organizations,1,1,0
Amnesty International,Non-governmental organizations,6,3,3
An Organization for Socio-Economic Development,Non-governmental organizations,8,5,3
Antarctic and Southern Ocean Coalition,Non-governmental organizations,8,1,7
Architecture 2030 Inc.,Non-governmental organizations,2,0,2
Arizona State University,Non-governmental organizations,9,2,7
"Asheville-Buncombe Sustainable Community Initiatives, Inc.",Non-governmental organizations,4,1,3
Asia Indigenous Peoples Pact Foundation,Non-governmental organizations,11,5,6
"Asia Pacific Forum on Women, Law and Development",Non-governmental organizations,4,0,4
Asia-Europe Foundation,Non-governmental organizations,5,1,4
Asian Institute of Technology,Non-governmental organizations,3,2,1
Asian Pacific Resource and Resource Centre for Women,Non-governmental organizations,2,0,2
Asian Resource Foundation,Non-governmental organizations,3,1,2
Asociación AK Tenamit,Non-governmental organizations,5,4,1
Asociación Ambientalista SUSTENTA,Non-governmental organizations,2,2,0
Asociación Ambiente y Sociedad,Non-governmental organizations,4,0,4
Asociación Civil Oikos,Non-governmental organizations,1,0,1
Asociación Cluster de Industrias de Medio Ambiente de Euskadi,Non-governmental organizations,4,1,3
Asociación Coordinadora Latinoamericana y del Caribe de Pequeños Productores de Comercio Justo,Non-governmental organizations,2,2,0
Asociación Cubana de Producción Animal,Non-governmental organizations,1,0,1
Asociación Española de la Industria Eléctrica,Non-governmental organizations,17,11,6
Asociación Española del Gas,Non-governmental organizations,17,11,6
Asociación Interamericana para la Defensa del Ambiente,Non-governmental organizations,5,1,4
Asociación Interétnica de Desarrollo de la Selva Peruana,Non-governmental organizations,8,3,5
Asociación La Ruta del Clima,Non-governmental organizations,4,0,4
Asociación para la Investigación y Desarrollo Integral,Non-governmental organizations,2,1,1
Asociacion para la Naturaleza y Desarrollo Sostenible,Non-governmental organizations,3,1,2
Asociación Proteger,Non-governmental organizations,4,1,3
Asociación Regional de Empresas de Petróleo y Gas Natural en Latinoamérica y el Caribe,Non-governmental organizations,2,1,1
Asociación Regional de Pueblos Indígenas de la Selva Central,Non-governmental organizations,1,1,0
Assemblée des Régions d’Europe,Non-governmental organizations,1,1,0
Assembly of First Nations,Non-governmental organizations,2,1,1
Association Actions Vitales Pour Le Développement Durable,Non-governmental organizations,43,18,25
Association Climate-KIC,Non-governmental organizations,10,4,6
Association des Distributeurs Conditionneurs Récupérateurs Retraiteurs de Réfrigérants,Non-governmental organizations,2,2,0
Association des Enseignants des Sciences de la Vie et de la Terre,Non-governmental organizations,4,4,0
Association des Femmes Peules et Peuples Autochtones du Tchad,Non-governmental organizations,1,1,0
Association des Scientifiques Environnementalistes pour un Développement Intégré,Non-governmental organizations,3,3,0
Association du Gharb pour la Protection de l’Environnement,Non-governmental organizations,2,2,0
Association Femmes Bladi pour le Développement et le Tourisme,Non-governmental organizations,9,4,5
Association Française des Entreprises pour l’Environnement,Non-governmental organizations,6,5,1
Association Marocaine pour la Protection des Aires Marines et Développement Durable,Non-governmental organizations,9,7,2
Association of American Geographers,Non-governmental organizations,10,3,7
Association of Overseas Countries and Territories of the European Union,Non-governmental organizations,1,1,0
Association of Sustainable Ecological Engineering Development,Non-governmental organizations,6,4,2
Ateneo de Manila University,Non-governmental organizations,4,2,2
atmosfair gGmbH,Non-governmental organizations,1,1,0
Australian Conservation Foundation,Non-governmental organizations,3,1,2
Australian Industry Greenhouse Network,Non-governmental organizations,2,1,1
Australian Industry Group,Non-governmental organizations,1,1,0
Australian National University,Non-governmental organizations,4,3,1
Australian Rainforest Conservation Society Inc.,Non-governmental organizations,1,1,0
Bangladesh Centre for Advanced Studies,Non-governmental organizations,3,2,1
Barcelona Centre for International Affairs,Non-governmental organizations,1,1,0
Basel Agency for Sustainable Energy,Non-governmental organizations,7,5,2
Basque Centre for Climate Change,Non-governmental organizations,3,2,1
Beijing Greenovation Hub for Public Welfare Development,Non-governmental organizations,6,3,3
Beijing NGO Association for International Exchanges,Non-governmental organizations,5,4,1
Bellona Foundation,Non-governmental organizations,20,14,6
BHP Billiton SaskPower Carbon Capture and Storage (CCS) Knowledge Centre Inc. doing business as International CCS Knowledge Centre,Non-governmental organizations,2,0,2
Biovision - Foundation for Ecological Development,Non-governmental organizations,3,3,0
BirdLife International,Non-governmental organizations,5,1,4
Boston University,Non-governmental organizations,11,5,6
Both ENDS Foundation,Non-governmental organizations,6,1,5
Boticário Group Foundation for Nature Protection,Non-governmental organizations,8,6,2
Brahma Kumaris World Spiritual University,Non-governmental organizations,8,3,5
Brazilian Biodiversity Fund,Non-governmental organizations,3,2,1
Brazilian Business Council for Sustainable Development,Non-governmental organizations,24,14,10
Brazilian Tree Industry,Non-governmental organizations,2,2,0
Bread for the World,Non-governmental organizations,8,3,5
"Brighter Green, Inc.",Non-governmental organizations,5,1,4
British Columbia Council for International Cooperation,Non-governmental organizations,6,1,5
Brown University - Watson Institute,Non-governmental organizations,3,1,2
Buddhist Tzu Chi Foundation,Non-governmental organizations,23,14,9
Buildings Performance Institute Europe A.S.B.L.,Non-governmental organizations,1,1,0
Business Council for Sustainable Energy,Non-governmental organizations,11,4,7
Business for Social Responsibility,Non-governmental organizations,10,5,5
Business Unity South Africa,Non-governmental organizations,3,1,2
BusinessEurope,Non-governmental organizations,17,13,4
C Team,Non-governmental organizations,6,2,4
C40 Cities Climate Leadership Group,Non-governmental organizations,15,6,9
"Ca’ Foscari University, Venice",Non-governmental organizations,7,2,5
"Cámara Oficial de Comercio, Industria, Servicios y Navegación de España",Non-governmental organizations,9,6,3
Canadian Association of Petroleum Producers,Non-governmental organizations,3,2,1
Canadian Electricity Association,Non-governmental organizations,6,6,0
Canadian Foodgrains Bank Association Inc.,Non-governmental organizations,1,1,0
Canadian Hydrogen and Fuel Cell Association,Non-governmental organizations,2,2,0
Canadian Nuclear Association,Non-governmental organizations,3,3,0
Carbon Capture and Storage Association,Non-governmental organizations,3,1,2
Carbon Emission (Greenhouse Gas) Reduction and Control Association,Non-governmental organizations,5,4,1
Carbon Market Institute Limited,Non-governmental organizations,12,8,4
Carbon Market Watch - Centre of Development & Environment,Non-governmental organizations,10,3,7
Carbon Tracker Initiative Limited,Non-governmental organizations,4,3,1
CarbonCare InnoLab Limited,Non-governmental organizations,2,0,2
"Carbonfund.org Foundation, Inc.",Non-governmental organizations,2,2,0
"Care About Climate, Inc",Non-governmental organizations,25,7,18
CARE International,Non-governmental organizations,5,1,4
"Care of Creation, Inc.",Non-governmental organizations,2,1,1
Caritas Internationalis,Non-governmental organizations,6,3,3
Carnegie Council for Ethics in International Affairs Inc.,Non-governmental organizations,7,5,2
Carre Geo & Environnement,Non-governmental organizations,6,1,5
Catholic Rural Youth Movement Germany e.V.,Non-governmental organizations,8,4,4
Catholic Youth Network for Environmental Sustainability in Africa,Non-governmental organizations,4,2,2
CDP Worldwide,Non-governmental organizations,18,5,13
CEE Bankwatch Network,Non-governmental organizations,2,2,0
Center for Biological Diversity,Non-governmental organizations,5,2,3
Center for Carbon Removal,Non-governmental organizations,2,1,1
Center for Clean Air Policy,Non-governmental organizations,2,0,2
Center for Climate and Energy Solutions,Non-governmental organizations,8,5,3
"Center for Environmental Information, Inc.",Non-governmental organizations,1,0,1
Center for Indigenous Peoples’ Research and Development,Non-governmental organizations,5,1,4
Centre for International Climate and Environmental Research,Non-governmental organizations,4,2,2
Center for International Environmental Law,Non-governmental organizations,8,3,5
Center for Management and Strategic Studies,Non-governmental organizations,4,2,2
Center for Natural Resource Studies,Non-governmental organizations,4,4,0
Center for Participatory Research and Development,Non-governmental organizations,2,1,1
Center for Support of Indigenous Peoples of the North,Non-governmental organizations,4,2,2
Center of Life Institute,Non-governmental organizations,14,2,12
Central University of Finance and Economics,Non-governmental organizations,9,3,6
Centre de Coopération Internationale en Recherche Agronomique pour le Développement,Non-governmental organizations,3,3,0
Centre de développement de la région de Tensift,Non-governmental organizations,6,6,0
Centre for 21st Century Issues,Non-governmental organizations,10,9,1
Centre for Climate Change and Environmental Studies,Non-governmental organizations,9,8,1
Centre for Environmental Justice,Non-governmental organizations,6,3,3
Centre for Human Rights and Climate Change Research,Non-governmental organizations,2,0,2
Centre for International Sustainable Development Law,Non-governmental organizations,15,4,11
Centre Hélios,Non-governmental organizations,5,4,1
Centre International de droit Comparé de l’Environnement,Non-governmental organizations,4,1,3
Centre International de Recherche sur l’Environnement et le Développement,Non-governmental organizations,2,2,0
Centre National de la Recherche Scientifique,Non-governmental organizations,2,1,1
Centro Alexander von Humboldt,Non-governmental organizations,11,6,5
Centro de Planificación y Estudio Social,Non-governmental organizations,5,2,3
Centro de Transporte Sustentable de México Asociacion Civil,Non-governmental organizations,2,1,1
Centro Internacional de Agricultura Tropical,Non-governmental organizations,6,5,1
Centro Mexicano de Derecho Ambiental,Non-governmental organizations,6,3,3
"Ceres, Inc.",Non-governmental organizations,8,5,3
Chamber of Commerce of the United States of America,Non-governmental organizations,1,1,0
Chant du Guépard dans le Désert,Non-governmental organizations,1,0,1
Chatham House,Non-governmental organizations,2,0,2
Children and Youth International,Non-governmental organizations,8,2,6
Children’s Investment Fund Foundation,Non-governmental organizations,1,0,1
China Association for NGO Cooperation,Non-governmental organizations,9,3,6
China Association for Science and Technology,Non-governmental organizations,9,6,3
China Dialogue Trust,Non-governmental organizations,3,1,2
China Green Carbon Foundation,Non-governmental organizations,10,9,1
China New Energy Chamber of Commerce,Non-governmental organizations,26,17,9
China Science and Technology Exchange Center,Non-governmental organizations,7,3,4
China South Low Carbon Academy,Non-governmental organizations,3,3,0
Chinese People’s Association for Friendship with Foreign Countries,Non-governmental organizations,2,1,1
CHIRAPAQ - Centro de Culturas Indígenas del Perú,Non-governmental organizations,1,0,1
Christian Aid,Non-governmental organizations,11,3,8
Christian Commission for Development in Bangladesh,Non-governmental organizations,2,2,0
Church’s Auxiliary for Social Action,Non-governmental organizations,5,5,0
Citizens Alliance for Saving the Atmosphere and the Earth,Non-governmental organizations,6,3,3
Citizens’ Climate Education Corp.,Non-governmental organizations,17,9,8
Civic Exchange,Non-governmental organizations,2,2,0
Civicus World Alliance for Citizen Participation,Non-governmental organizations,3,0,3
Clark University,Non-governmental organizations,7,3,4
"Clean Air Initiative for Asian Cities Center, Inc.",Non-governmental organizations,3,2,1
Clean Energy and Safe Environment Initiative,Non-governmental organizations,2,1,1
Clean Energy Nepal,Non-governmental organizations,1,1,0
ClientEarth,Non-governmental organizations,3,2,1
Climate Action Network - Europe,Non-governmental organizations,56,24,32
Climate Action Network - Latin America,Non-governmental organizations,58,28,30
Climate Action Network Australia,Non-governmental organizations,4,2,2
Climate Action Network Canada,Non-governmental organizations,19,8,11
Climate Action Network International,Non-governmental organizations,119,52,67
Climate Action Network South-East Asia,Non-governmental organizations,5,4,1
Climate Action Reserve,Non-governmental organizations,5,3,2
Climate Advisers Trust,Non-governmental organizations,3,2,1
Climate Aid Initiative,Non-governmental organizations,6,4,2
Climate Alliance (Klima-Bündnis),Non-governmental organizations,4,3,1
Climate Alliance Austria,Non-governmental organizations,4,2,2
Climate Alliance Italy,Non-governmental organizations,3,2,1
Climate Analytics GmbH,Non-governmental organizations,7,2,5
Climate and Health Alliance Inc.,Non-governmental organizations,4,0,4
Climate and Sustainable Development Network of Nigeria,Non-governmental organizations,7,7,0
Climate Chance Association,Non-governmental organizations,5,2,3
Climate Change Center,Non-governmental organizations,9,5,4
Climate Consortium Denmark,Non-governmental organizations,2,1,1
Climate Equity Reference Project Canada,Non-governmental organizations,5,2,3
Climate Generation: A Will Steger Legacy,Non-governmental organizations,4,1,3
Climate Justice Program,Non-governmental organizations,6,1,5
"Climate Leadership Council, Inc.",Non-governmental organizations,1,1,0
Climate Markets and Investment Association Limited,Non-governmental organizations,2,1,1
Climate Outreach Information Network,Non-governmental organizations,1,1,0
Climate Parliament,Non-governmental organizations,7,4,3
Climate Policy Center,Non-governmental organizations,8,4,4
"Climate Policy Initiative, Inc",Non-governmental organizations,6,2,4
Climate Strategies,Non-governmental organizations,3,1,2
Climate Tracker Incorporated,Non-governmental organizations,3,2,1
ClimateNet,Non-governmental organizations,5,5,0
Climatepolicy.net e.V.,Non-governmental organizations,12,9,3
CliMates,Non-governmental organizations,7,2,5
ClimateWorks Foundation,Non-governmental organizations,7,3,4
CO2GeoNet - The European Network of Excellence on Geological Storage of CO2,Non-governmental organizations,6,2,4
Coalition for Green Capital,Non-governmental organizations,4,2,2
Coastal Association for Social Transformation Trust,Non-governmental organizations,5,5,0
Coastal Development Partnership,Non-governmental organizations,2,2,0
College of Saint Benedict,Non-governmental organizations,12,0,12
College of the Atlantic,Non-governmental organizations,6,4,2
Colorado College,Non-governmental organizations,8,4,4
Colorado State University,Non-governmental organizations,6,1,5
Columbia University,Non-governmental organizations,7,5,2
Comité 21 / Club France Développement Durable,Non-governmental organizations,2,1,1
Comité Catholique contre la Faim et pour le Développement - Terre solidaire,Non-governmental organizations,2,1,1
Committee for a Constructive Tomorrow,Non-governmental organizations,4,4,0
Compassion in World Farming,Non-governmental organizations,1,1,0
Competitive Enterprise Institute,Non-governmental organizations,5,3,2
Confederación Española de Organizaciones Empresariales,Non-governmental organizations,22,13,9
Confederation of Danish Industry,Non-governmental organizations,3,3,0
Confederation of Indian Industry,Non-governmental organizations,2,1,1
Confédération Paysanne,Non-governmental organizations,1,1,0
Conférence des Régions Périphériques Maritimes d’Europe,Non-governmental organizations,3,3,0
Conseil de la Jeunesse de la Communauté Française de Belgique,Non-governmental organizations,0,0,0
Conseil des Communes et Régions d’Europe,Non-governmental organizations,4,2,2
Consejo Empresario Argentino para el Desarrollo Sostenible,Non-governmental organizations,2,1,1
Consejo Nacional para la Ética Pública,Non-governmental organizations,1,0,1
Conservation International,Non-governmental organizations,13,6,7
Cooperation Internationale pour le Développement et la Solidarité,Non-governmental organizations,9,4,5
Coopération pour le développement et l’amélioration des transports urbains et périurbains,Non-governmental organizations,3,3,0
Coordinadora de Desarrollo y Defensa de los Pueblos Indígenas de la Región San Martín,Non-governmental organizations,4,2,2
Coordinadora de Organizaciones de Agricutores y Ganaderos,Non-governmental organizations,4,3,1
Coordinadora Rural de la Papa - Perú,Non-governmental organizations,3,1,2
Coordinating Body of Indigenous Organizations of the Amazon Basin,Non-governmental organizations,7,5,2
"Corn Refiners Association, Inc.",Non-governmental organizations,4,2,2
Cornell University,Non-governmental organizations,10,5,5
Corporación Fiscalía del Medio Ambiente,Non-governmental organizations,2,1,1
Corporate Accountability International,Non-governmental organizations,6,2,4
Corporate Europe Observatory Foundation,Non-governmental organizations,11,4,7
"Council on Energy, Environment and Water",Non-governmental organizations,2,1,1
CropLife International,Non-governmental organizations,3,2,1
CUTS International,Non-governmental organizations,1,1,0
Danish 92 Group - Forum for Sustainable Development,Non-governmental organizations,3,2,1
Danish Association of Consulting Engineers,Non-governmental organizations,1,1,0
Danish Energy Association,Non-governmental organizations,1,1,0
Danish Society of Engineers,Non-governmental organizations,4,2,2
Dartmouth College,Non-governmental organizations,12,5,7
David and Lucile Packard Foundation,Non-governmental organizations,2,1,1
David Suzuki Foundation,Non-governmental organizations,3,2,1
"Deep South Center for Environmental Justice, Inc.",Non-governmental organizations,7,3,4
Delta Electronics Foundation,Non-governmental organizations,10,1,9
Derecho Ambiente y Recursos Naturales,Non-governmental organizations,4,3,1
DesertNet International,Non-governmental organizations,1,0,1
Designated Operational Entities and Independent Entities Association,Non-governmental organizations,11,10,1
Deutsche Gesellschaft für Internationale Zusammenarbeit,Non-governmental organizations,33,16,17
Development Alternatives,Non-governmental organizations,5,2,3
Dharma Drum Mountain Buddhist Association,Non-governmental organizations,3,1,2
Diakonia,Non-governmental organizations,2,2,0
Dickinson College,Non-governmental organizations,4,1,3
Domestic and Foreign Missionary Society of the Protestant Episcopal Church in the USA,Non-governmental organizations,4,1,3
Dominicans for Justice and Peace,Non-governmental organizations,7,2,5
Drexel University,Non-governmental organizations,8,3,5
DRIS/Desarrollo Rural Sustentable,Non-governmental organizations,2,1,1
Duke University,Non-governmental organizations,12,6,6
Earth Child Institute,Non-governmental organizations,3,2,1
Earth Day Network,Non-governmental organizations,3,1,2
Earth Innovation Institute,Non-governmental organizations,12,8,4
"Earth Island Institute, Inc.",Non-governmental organizations,1,0,1
Earthjustice,Non-governmental organizations,1,1,0
Earthworks,Non-governmental organizations,2,1,1
Eberswalde University for Sustainable Development,Non-governmental organizations,6,1,5
EcoArts Connections,Non-governmental organizations,10,4,6
EcoClub,Non-governmental organizations,19,8,11
Ecole Nationale Supérieure des Mines de Paris,Non-governmental organizations,1,0,1
Ecole Normale Supérieure,Non-governmental organizations,3,2,1
Ecolo Info,Non-governmental organizations,4,1,3
Ecologic Institute,Non-governmental organizations,7,5,2
Ecologica Institute,Non-governmental organizations,3,2,1
Ecological Society of America,Non-governmental organizations,5,1,4
Ecology Center,Non-governmental organizations,6,3,3
Economic Justice Network of the Fellowship of Christian Councils of Southern Africa,Non-governmental organizations,4,3,1
Economic Research Institute for Northeast Asia,Non-governmental organizations,2,0,2
Ecumenical Advocacy Alliance,Non-governmental organizations,5,2,3
Edison Electric Institute,Non-governmental organizations,3,2,1
Electric Power Research Institute,Non-governmental organizations,1,1,0
Emory University,Non-governmental organizations,10,4,6
Energies 2050,Non-governmental organizations,5,4,1
Energy and Climate Intelligence Unit Limited,Non-governmental organizations,5,2,3
Energy and Climate Policy Institute for Just Transition,Non-governmental organizations,4,1,3
Energy Research Centre of the Netherlands,Non-governmental organizations,3,3,0
Energypedia UG,Non-governmental organizations,1,0,1
Environment-People-Law,Non-governmental organizations,2,1,1
Environmental and Energy Study Institute,Non-governmental organizations,5,0,5
Environmental Defence Canada Inc.,Non-governmental organizations,4,0,4
Environmental Defense Fund,Non-governmental organizations,16,6,10
Environmental Law Institute,Non-governmental organizations,5,1,4
Environmental Law Research Institute LTD/GTE,Non-governmental organizations,2,1,1
Environmental Management for Livelihood Improvement Bwaise Facility,Non-governmental organizations,5,2,3
Environmental Quality Protection Foundation,Non-governmental organizations,3,2,1
Environnement et Developpement du Tiers-Monde,Non-governmental organizations,3,2,1
Environnement Jeunesse,Non-governmental organizations,9,4,5
Equiterre,Non-governmental organizations,3,1,2
"ETC Group (Action Group on Erosion, Technology and Concentration)",Non-governmental organizations,2,1,1
Euro Chambres,Non-governmental organizations,2,2,0
Euro-Mediterranean Center on Climate Change,Non-governmental organizations,3,1,2
European Association of Environmental and Resource Economists,Non-governmental organizations,4,2,2
European Business Council for Sustainable Energy,Non-governmental organizations,17,14,3
European Chemical Industry Council,Non-governmental organizations,4,2,2
European Climate Foundation,Non-governmental organizations,6,3,3
European Federation for Transport and Environment,Non-governmental organizations,1,1,0
European Network for Community-Led Initiatives on Climate Change and Sustainability,Non-governmental organizations,8,3,5
European Nuclear Society,Non-governmental organizations,9,5,4
European Partnership for Energy and the Environment,Non-governmental organizations,1,0,1
European Petroleum Refiners Association,Non-governmental organizations,1,1,0
European Round Table of Industrialists,Non-governmental organizations,1,1,0
European Union Chamber of Commerce in China,Non-governmental organizations,1,0,1
European Youth Forum,Non-governmental organizations,5,3,2
Evagelical Environmental Network,Non-governmental organizations,2,1,1
Evangelical Lutheran Church in America,Non-governmental organizations,12,5,7
Fachhochschule Muenster,Non-governmental organizations,2,1,1
Fairtrade Labelling Organizations International e.V.,Non-governmental organizations,2,1,1
Fauna & Flora International,Non-governmental organizations,3,1,2
Feasta Ltd,Non-governmental organizations,1,1,0
Federación de Pueblos Indígenas Kechwas de la Región de San Martín,Non-governmental organizations,1,1,0
Federación Nativa del Río Madre de Dios y Afluentes,Non-governmental organizations,6,4,2
Federación Regional Indígena Shawi de San Martín,Non-governmental organizations,4,1,3
Fédération Internationale des Ingénieurs-Conseils,Non-governmental organizations,3,2,1
"Federation of American Women’s Clubs Overseas, Inc.",Non-governmental organizations,1,0,1
Federation of Electric Power Companies,Non-governmental organizations,5,3,2
Federation of German Industries,Non-governmental organizations,8,5,3
Federation of Indian Chambers of Commerce and Industry,Non-governmental organizations,4,1,3
Federation of Young European Greens,Non-governmental organizations,7,1,6
FERN,Non-governmental organizations,3,1,2
Fia Foundation for the Automobile and Society,Non-governmental organizations,2,0,2
Fondation BNP Paribas,Non-governmental organizations,7,2,5
Fondation Mohammed VI pour la Protection de l’Environnement,Non-governmental organizations,2,1,1
Fondazione Centro Studi Enel,Non-governmental organizations,3,3,0
Fondo de Promoción de la Areas Naturales Protegidas del Perú,Non-governmental organizations,1,0,1
Food & Water Watch,Non-governmental organizations,1,1,0
Ford Foundation,Non-governmental organizations,3,2,1
Forest Stewardship Council,Non-governmental organizations,4,3,1
Forest Trends Association,Non-governmental organizations,5,5,0
Forestry and Forest Products Research Institute,Non-governmental organizations,2,2,0
Forests of the World,Non-governmental organizations,4,3,1
Forests Philanthropy Action Network,Non-governmental organizations,1,1,0
Foro Ciudades para la Vida,Non-governmental organizations,1,0,1
Foro Soria 21 para el Desarrollo Sostenible,Non-governmental organizations,1,1,0
Forum Atomique Européen,Non-governmental organizations,7,5,2
Forum for Environment,Non-governmental organizations,1,1,0
Forum for Reforms and Entrepreneurship,Non-governmental organizations,5,3,2
FORUMCC Limited,Non-governmental organizations,4,0,4
Foundation 2¬∞,Non-governmental organizations,6,3,3
Foundation Environment - Law Society,Non-governmental organizations,2,2,0
Foundation for Environmental Education,Non-governmental organizations,7,3,4
Foundation for GAIA,Non-governmental organizations,5,4,1
Foundation for Promoting Personal Mobility and Ecological Transportation,Non-governmental organizations,3,3,0
Foundation for Sustainability,Non-governmental organizations,4,1,3
Foundation for the Rights of Future Generations,Non-governmental organizations,10,5,5
Foundation Myclimate The Climate Protection Partnership,Non-governmental organizations,2,2,0
Franciscans International,Non-governmental organizations,2,2,0
Frankfurt School of Finance and Management gGmbH,Non-governmental organizations,11,7,4
Freie Universität Berlin,Non-governmental organizations,2,1,1
Fresh Energy,Non-governmental organizations,1,0,1
Friedrich Schiller University Jena,Non-governmental organizations,4,2,2
Friedrich-Ebert-Stiftung e.V.,Non-governmental organizations,3,1,2
Friends of the Earth International,Non-governmental organizations,52,20,32
Friends World Committee for Consultation,Non-governmental organizations,5,2,3
Fundação Getúlio Vargas,Non-governmental organizations,6,0,6
Fundación Ambiente y Recursos Naturales,Non-governmental organizations,6,2,4
Fundación Amigos de la Naturaleza,Non-governmental organizations,3,0,3
Fundación Avina,Non-governmental organizations,7,3,4
Fundación Cayetano Heredia,Non-governmental organizations,1,0,1
Fundación de Iniciativas de Cambio Climático,Non-governmental organizations,1,0,1
Fundación Defensores de la Naturaleza,Non-governmental organizations,3,2,1
"Fundación Desarrollo Sustentable, A.C.",Non-governmental organizations,1,1,0
Fundación Despacio,Non-governmental organizations,4,2,2
Fundación Ecología y Desarrollo,Non-governmental organizations,6,3,3
Fundación Ecuatoriana de Estudios Ecológicos - EcoCiencia,Non-governmental organizations,1,0,1
Fundación Fondo Centroamericano de Mujeres,Non-governmental organizations,3,0,3
Fundación Futuro Latinoamericano,Non-governmental organizations,4,2,2
Fundacion MarViva,Non-governmental organizations,1,1,0
Fundación Nueva Cultura del Agua,Non-governmental organizations,1,1,0
Fundación para el Ecodesarrollo y la Conservación,Non-governmental organizations,3,0,3
Fundación para la Promoción del Conocimiento Indígena,Non-governmental organizations,10,5,5
Fundación PLENITUD,Non-governmental organizations,6,1,5
Fundación Privada Empresa y Clima,Non-governmental organizations,15,7,8
"Fundación Red Colombiana Para la Defensa de los Derechos Humanos, el Medio Ambiente y la Paz",Non-governmental organizations,18,3,15
Fundación TierraVida,Non-governmental organizations,11,3,8
Future Earth International,Non-governmental organizations,7,5,2
Gana Unnayan Kendra,Non-governmental organizations,4,2,2
GenderCC - Women for Climate Justice e.V.,Non-governmental organizations,42,5,37
Georgetown University,Non-governmental organizations,11,4,7
German Climate Association,Non-governmental organizations,4,1,3
German Climate Foundation,Non-governmental organizations,2,0,2
German Development Institute,Non-governmental organizations,3,1,2
German Emissions Trading Association,Non-governmental organizations,1,1,0
German Farmers’ Organization e.V.,Non-governmental organizations,3,3,0
Germanwatch,Non-governmental organizations,9,5,4
Gherush92 Committee for Human Rights,Non-governmental organizations,1,1,0
Global Alert for Defence of Youth and the Less Privileged,Non-governmental organizations,2,1,1
"Global Alliance for Incinerator Alternatives Philippines, Inc.",Non-governmental organizations,2,1,1
Global Canopy Programme,Non-governmental organizations,1,1,0
Global Carbon Capture and Storage Institute Ltd,Non-governmental organizations,7,3,4
Global Ecovillage Network,Non-governmental organizations,5,1,4
Global Energy Internet Development Cooperation Organization,Non-governmental organizations,6,5,1
Global Environment Centre,Non-governmental organizations,3,3,0
Global Environment Centre Foundation,Non-governmental organizations,4,2,2
Global Environmental Institute,Non-governmental organizations,7,3,4
Global Feedback Ltd,Non-governmental organizations,1,0,1
Global Footprint Network,Non-governmental organizations,1,1,0
Global Forest Coalition,Non-governmental organizations,8,3,5
Global Greens (Verts Mondiaux),Non-governmental organizations,4,3,1
Global Industrial and Social Progress Research Institute,Non-governmental organizations,3,3,0
"Global Justice Ecology Project, Inc.",Non-governmental organizations,1,0,1
"Global Kids, Inc.",Non-governmental organizations,5,1,4
Global Legislators Organisation for a Balanced Environment,Non-governmental organizations,2,2,0
Global Marshall Plan Foundation,Non-governmental organizations,13,8,5
Global Peace Initiative of Women,Non-governmental organizations,5,3,2
Global Sustainable Electricity Partnership,Non-governmental organizations,6,6,0
Global Voices,Non-governmental organizations,7,1,6
Global Wind Energy Council,Non-governmental organizations,4,3,1
"Global Youth Development Institute, Inc.",Non-governmental organizations,1,1,0
Governors’ Climate and Forests Fund,Non-governmental organizations,3,1,2
Grassroots Global Justice Alliance,Non-governmental organizations,7,2,5
Green Asia Network,Non-governmental organizations,4,3,1
Green Club,Non-governmental organizations,14,6,8
Green Course,Non-governmental organizations,2,1,1
Green Economics Institute,Non-governmental organizations,13,6,7
Green European Foundation,Non-governmental organizations,4,1,3
Green Institute Limited,Non-governmental organizations,3,2,1
Green Korea United,Non-governmental organizations,4,2,2
Green Planet,Non-governmental organizations,5,5,0
Green Zhejiang,Non-governmental organizations,1,0,1
Greener Impact International,Non-governmental organizations,4,3,1
GreenFacts ASBL,Non-governmental organizations,2,0,2
Greenhouse Gas Management Institute,Non-governmental organizations,5,2,3
Greenpeace International,Non-governmental organizations,79,36,43
Greenriver Environmental Protection Promotion Association of Sichuan,Non-governmental organizations,10,5,5
Griffith University,Non-governmental organizations,6,4,2
Griha Council,Non-governmental organizations,10,2,8
Groupe d’Études et de Recherches sur les Énergies Renouvelables et l’Environnement,Non-governmental organizations,4,4,0
Guangzhou County Yuexiu District Climate and Environmental Protection Center,Non-governmental organizations,4,1,3
Habitat International Coalition,Non-governmental organizations,4,2,2
Harvard University,Non-governmental organizations,7,5,2
Hashoo Foundation,Non-governmental organizations,1,1,0
HATOF Foundation,Non-governmental organizations,5,2,3
HCS Ltd.,Non-governmental organizations,3,1,2
Health and Environment Alliance,Non-governmental organizations,3,2,1
Health Care Without Harm,Non-governmental organizations,1,0,1
Health of Mother Earth Foundation,Non-governmental organizations,2,2,0
HEDA Resource Centre,Non-governmental organizations,5,3,2
Heinrich Böll Foundation,Non-governmental organizations,17,6,11
Helmholtz-Centre Geesthacht Centre for Materials and Coastal Research GmbH,Non-governmental organizations,6,1,5
Helvetas Swiss Intercooperation,Non-governmental organizations,2,1,1
Hong Kong People’s Council for Sustainable Development Limited,Non-governmental organizations,4,2,2
Huairou Commission Women Homes and Community,Non-governmental organizations,1,0,1
"Human Impacts Institute, Inc.",Non-governmental organizations,4,0,4
Human Rights and Environment Improvement Center,Non-governmental organizations,2,1,1
Human Rights Foundation of Aotearoa New Zealand,Non-governmental organizations,4,2,2
"Human Rights Watch, Inc.",Non-governmental organizations,1,1,0
Humane Society International,Non-governmental organizations,1,0,1
Humboldt-Viadrina Governance Platform gGmbH,Non-governmental organizations,5,3,2
I4CE - Institute for Climate Economics,Non-governmental organizations,4,3,1
ICLEI-Local Governments for Sustainability,Non-governmental organizations,69,32,37
Imperial College London,Non-governmental organizations,14,6,8
"Independent University, Bangladesh",Non-governmental organizations,10,4,6
India Water Foundation,Non-governmental organizations,1,1,0
Indiana University,Non-governmental organizations,8,2,6
Indigenous Environmental Network,Non-governmental organizations,3,2,1
Indigenous Information Network,Non-governmental organizations,5,0,5
Indigo Development and Change,Non-governmental organizations,2,1,1
Industrial Technology Research Institute,Non-governmental organizations,14,11,3
IndustriALL Global Union,Non-governmental organizations,3,3,0
Ingénieurs sans Frontières,Non-governmental organizations,1,0,1
Initiatives of Change International,Non-governmental organizations,3,1,2
Innovation Center for Energy and Transportation,Non-governmental organizations,5,1,4
Innovations Bleues,Non-governmental organizations,2,2,0
Institut du Développement Durable et des Relations Internationales,Non-governmental organizations,7,4,3
Institut Européen de l’Economie de la Fonctionnalité et de la Coopération,Non-governmental organizations,1,1,0
Institut National de la Recherche Agronomique,Non-governmental organizations,3,1,2
Institut Polytechnique de Grenoble,Non-governmental organizations,9,4,5
Institut Veolia,Non-governmental organizations,2,1,1
Institute de Recherche pour le D√©veloppement,Non-governmental organizations,4,3,1
Institute for Advanced Sustainability Studies,Non-governmental organizations,6,3,3
Institute for Agricultural and Forest Management and Certification,Non-governmental organizations,4,1,3
Institute for Agriculture and Trade Policy,Non-governmental organizations,2,0,2
Institute for Biodiversity Network e.V.,Non-governmental organizations,3,3,0
Institute for Climate and Sustainable Cities (iCSC).,Non-governmental organizations,3,3,0
"Institute for Climate Protection, Energy and Mobility - Law, Economics and Policy e.V.",Non-governmental organizations,5,4,1
Institute for Conservation and Sustainable Development of Amazonas,Non-governmental organizations,7,3,4
"Institute for Energy and Climate Strategies, Inc.",Non-governmental organizations,1,1,0
Institute for Environment and Development Sustainability,Non-governmental organizations,2,1,1
Institute for Environmental Security,Non-governmental organizations,2,2,0
Institute for Global Environmental Strategies,Non-governmental organizations,6,4,2
Institute for Governance and Sustainable Development,Non-governmental organizations,4,2,2
Institute for Public Policy Research,Non-governmental organizations,1,1,0
Institute for Social and Environmental Transition,Non-governmental organizations,1,0,1
Institute for Transportation and Development Policy,Non-governmental organizations,6,4,2
Institute of Development Studies,Non-governmental organizations,1,0,1
"Institute of Energy Economics, Japan",Non-governmental organizations,2,2,0
"Institute of Environment and Sustainable Development in Agriculture, Chinese Academy of Agricultural Science",Non-governmental organizations,6,3,3
Institutional Investors Group on Climate Change Ltd.,Non-governmental organizations,3,0,3
Instituto de Ecología y Antropología de Acción,Non-governmental organizations,3,2,1
Instituto Ethos de Empresas e Responsabilidade Social,Non-governmental organizations,3,2,1
Instituto Global Attitude,Non-governmental organizations,8,4,4
Instituto Internacional de Derecho y Medio Ambiente/International Institute for Law and the Environment,Non-governmental organizations,9,4,5
Instituto Torcuato Di Tella,Non-governmental organizations,1,1,0
"Intelligentsia International, Inc.",Non-governmental organizations,3,3,0
Interchurch Organization for Development Cooperation,Non-governmental organizations,5,4,1
InterEnvironment Institute,Non-governmental organizations,2,2,0
International Accreditation Forum Inc.,Non-governmental organizations,1,1,0
International Actuarial Association,Non-governmental organizations,1,1,0
International Air Transport Association,Non-governmental organizations,7,5,2
International Alliance of Indigenous and Tribal Peoples of the Tropical Forests,Non-governmental organizations,10,5,5
International Association for the Advancement of Innovative Approaches to Global Challenges,Non-governmental organizations,19,9,10
International Association of Oil and Gas Producers,Non-governmental organizations,1,0,1
International Association of Public Transport,Non-governmental organizations,2,2,0
International Chamber of Commerce,Non-governmental organizations,148,95,53
International Climate Dialogue e.V.,Non-governmental organizations,2,1,1
International Coastal and Ocean Organization,Non-governmental organizations,4,2,2
"International Copper Association, Ltd.",Non-governmental organizations,1,1,0
International Council for Sustainable Energy,Non-governmental organizations,10,7,3
International Council of Chemical Associations,Non-governmental organizations,5,2,3
International Council on Clean Transportation Inc.,Non-governmental organizations,1,1,0
International Cryosphere Climate Initiative,Non-governmental organizations,6,2,4
International Dairy Federation,Non-governmental organizations,3,2,1
International Development Research Centre,Non-governmental organizations,2,2,0
International Emissions Trading Association,Non-governmental organizations,128,88,40
International Environment and Economy Institute,Non-governmental organizations,1,0,1
International Environmental Communication Association,Non-governmental organizations,6,3,3
International Federation of Industrial Energy Consumers,Non-governmental organizations,1,0,1
International Federation of Liberal Youth,Non-governmental organizations,5,4,1
International Federation of Medical Students’ Associations,Non-governmental organizations,10,3,7
International Federation of Organic Agriculture Movements,Non-governmental organizations,5,3,2
International Fertilizer Association,Non-governmental organizations,6,4,2
International Forestry Students’ Association,Non-governmental organizations,10,2,8
International Forum on Globalization Inc.,Non-governmental organizations,3,1,2
International Foundation for African Children,Non-governmental organizations,5,4,1
International Gas Union,Non-governmental organizations,5,4,1
International Hydropower Association,Non-governmental organizations,5,3,2
International Indian Treaty Council,Non-governmental organizations,5,2,3
International Institute for Applied Systems Analysis,Non-governmental organizations,7,5,2
International Institute for Environment and Development,Non-governmental organizations,7,3,4
International Institute for Sustainable Development,Non-governmental organizations,11,4,7
International National Trusts Organisation,Non-governmental organizations,7,3,4
International Network for Sustainable Energy,Non-governmental organizations,5,3,2
International Network of Basin Organizations,Non-governmental organizations,2,2,0
International Network of Women Engineers and Scientists,Non-governmental organizations,6,0,6
International Organization for Standardization,Non-governmental organizations,4,3,1
International Organization of Employers,Non-governmental organizations,2,2,0
International Peatland Society,Non-governmental organizations,1,1,0
International Policy Network,Non-governmental organizations,2,1,1
International Society for Ecological Economics,Non-governmental organizations,5,5,0
International Society of Biometeorology,Non-governmental organizations,1,1,0
International Solar Energy Society e.V.,Non-governmental organizations,2,2,0
International Trade Union Confederation,Non-governmental organizations,134,88,46
International Union of Architects,Non-governmental organizations,3,1,2
International Union of Forest Research Organizations,Non-governmental organizations,2,1,1
International Union of Railways,Non-governmental organizations,3,2,1
International Work Group for Indigenous Affairs,Non-governmental organizations,5,1,4
International Youth and Student Movement for the United Nations,Non-governmental organizations,12,4,8
International- Lawyers.Org,Non-governmental organizations,4,1,3
Inuit Circumpolar Conference,Non-governmental organizations,6,2,4
IPIECA Limited (IPIECA),Non-governmental organizations,7,5,2
Islamic Relief Worldwide,Non-governmental organizations,4,3,1
"Islands First, Inc.",Non-governmental organizations,6,1,5
Israel Union for Environmental Defense,Non-governmental organizations,2,0,2
Italian Climate Network,Non-governmental organizations,12,3,9
Ithaca College,Non-governmental organizations,5,0,5
iuventum e.V.,Non-governmental organizations,5,4,1
Janvikas,Non-governmental organizations,1,1,0
"Japan Atomic Industrial Forum, Inc.",Non-governmental organizations,3,2,1
Japan Automobile Manufacturers Association Inc.,Non-governmental organizations,3,3,0
Japan Center for a Sustainable Environment and Society,Non-governmental organizations,2,1,1
Japan Economic Research Institute,Non-governmental organizations,3,0,3
Japan Environmental Council,Non-governmental organizations,1,0,1
Japan Federation of Bar Associations,Non-governmental organizations,2,1,1
Japan International Forestry Promotion and Cooperation Center,Non-governmental organizations,1,1,0
Japan Iron and Steel Federation,Non-governmental organizations,2,2,0
Jeunes Volontaires pour l’Environnement,Non-governmental organizations,7,3,4
Jeunesse Étudiante Catholique Internationale,Non-governmental organizations,8,5,3
"Jubilee South Asia Pacific Movement, Inc.",Non-governmental organizations,3,1,2
"Kadikoyu Friends of Science, Culture and Art Association",Non-governmental organizations,4,3,1
Kansai Economic Federation,Non-governmental organizations,1,0,1
Karnali Integrated Rural Development and Research Centre,Non-governmental organizations,4,4,0
Keidanren,Non-governmental organizations,25,23,2
Keio University,Non-governmental organizations,1,0,1
Kejibaus Youth Development Initiative,Non-governmental organizations,6,5,1
Keren Kayemet LeIsrael/The Jewish National Fund,Non-governmental organizations,1,1,0
KfW,Non-governmental organizations,9,6,3
Khazer Ecological and Cultural NGO,Non-governmental organizations,4,2,2
Kiko Network,Non-governmental organizations,13,5,8
KinderEnergy INC.,Non-governmental organizations,4,1,3
King Abdullah Petroleum Studies and Research Center,Non-governmental organizations,7,4,3
"King’s College, School of Law",Non-governmental organizations,2,1,1
Konrad-Adenauer-Foundation,Non-governmental organizations,1,1,0
Korea Chamber of Commerce and Industry,Non-governmental organizations,30,25,5
Korea Institute of Civil Engineering and Building Technology,Non-governmental organizations,1,0,1
Korean Business Council for Sustainable Development,Non-governmental organizations,8,7,1
"Krasnoyarsk Regional Public Ecological Movement ""Friends of the Siberian Forests""",Non-governmental organizations,3,1,2
Kyoto Club,Non-governmental organizations,2,1,1
"Kyoto University, Institute of Economic Research",Non-governmental organizations,4,4,0
LAYA,Non-governmental organizations,3,1,2
Leaders Club,Non-governmental organizations,4,3,1
Leadership for Environment and Development International,Non-governmental organizations,3,0,3
League of Women Voters of the United States,Non-governmental organizations,1,0,1
Legal Response Initiative,Non-governmental organizations,6,2,4
Legambiente - League of Environment,Non-governmental organizations,2,2,0
Libélula Instituto para el Cambio Global,Non-governmental organizations,3,2,1
Libyan Wildlife Trust,Non-governmental organizations,4,4,0
Life and Environment,Non-governmental organizations,5,2,3
LIFE e.V.,Non-governmental organizations,9,1,8
LINGO e.V.,Non-governmental organizations,2,1,1
Lombardy Foundation for the Environment / Fondazione Lombardia per l’Ambiente,Non-governmental organizations,6,5,1
London School of Economics and Political Science,Non-governmental organizations,8,4,4
Lund University,Non-governmental organizations,5,2,3
Lutheran World Federation,Non-governmental organizations,6,2,4
"Margaret Pyke Trust, with the Population & Sustainability Network",Non-governmental organizations,2,1,1
Marmara University,Non-governmental organizations,2,1,1
Maryknoll Fathers and Brothers,Non-governmental organizations,1,1,0
Maryknoll Sisters of Saint Dominic Inc.,Non-governmental organizations,1,0,1
Massachusetts Institute of Technology,Non-governmental organizations,17,8,9
Max Planck Society for the Advancement of Science e.V.,Non-governmental organizations,4,1,3
McGill University,Non-governmental organizations,1,1,0
Mediators Beyond Borders International,Non-governmental organizations,7,2,5
Mediterranean Protected Areas Network,Non-governmental organizations,2,1,1
Mercy Corps,Non-governmental organizations,4,0,4
Mercy International Association,Non-governmental organizations,2,0,2
Meridian Institute,Non-governmental organizations,4,3,1
Met Office Hadley Center,Non-governmental organizations,15,6,9
Michael Succow Foundation for the Protection of Nature,Non-governmental organizations,3,2,1
Michigan Technological University,Non-governmental organizations,9,5,4
Midwest Research Institute/National Renewable Energy Laboratory,Non-governmental organizations,1,1,0
"MISEREOR, German Catholic Bishops’ Organisation for Development Cooperation",Non-governmental organizations,4,2,2
Mom Loves Taiwan Association,Non-governmental organizations,9,3,6
Monash University,Non-governmental organizations,11,5,6
Moravian College,Non-governmental organizations,13,3,10
Mountain and Glacier Protection Organization,Non-governmental organizations,5,2,3
Mouvement International A.T.D Quart Monde,Non-governmental organizations,4,1,3
Movement Strategy Center,Non-governmental organizations,7,3,4
Movimiento Ciudadano frente al Cambio Climático,Non-governmental organizations,3,3,0
Munich Climate Insurance Initiative,Non-governmental organizations,8,3,5
Munich Re Foundation,Non-governmental organizations,2,2,0
"My Shelter Foundation, Inc.",Non-governmental organizations,6,2,4
National Association for the Advancement of Colored People,Non-governmental organizations,1,0,1
National Center for Climate Change Strategy and International Cooperation,Non-governmental organizations,1,0,1
National Concentrating Solar Power Association,Non-governmental organizations,1,0,1
"National Council for Climate Change, Sustainable Development and Public Leadership",Non-governmental organizations,3,3,0
National Institute for Environmental Studies,Non-governmental organizations,3,1,2
National Institute of Public Health and the Environment,Non-governmental organizations,2,2,0
National Research Council Nepal,Non-governmental organizations,2,2,0
National Rural Electric Cooperative Association,Non-governmental organizations,2,1,1
National Spiritual Assembly of the Baha'is of the United States,Non-governmental organizations,3,1,2
National University of Singapore,Non-governmental organizations,15,7,8
National Wildlife Federation,Non-governmental organizations,10,5,5
National Youth Achievement Award Association,Non-governmental organizations,2,1,1
Native American Rights Fund,Non-governmental organizations,3,3,0
Natural Resources Defense Council,Non-governmental organizations,10,5,5
Nature and Biodiversity Conservation Union,Non-governmental organizations,4,2,2
Naturefriends International,Non-governmental organizations,3,2,1
Near East Foundation,Non-governmental organizations,2,1,1
Neighbour Organization Nepal,Non-governmental organizations,9,7,2
Neongreen Network,Non-governmental organizations,3,1,2
Nepal Federation of Indigenous Nationalities,Non-governmental organizations,5,4,1
Network Peace Integration and Development,Non-governmental organizations,2,0,2
New Energy and Industrial Technology Development Organization,Non-governmental organizations,8,7,1
New Venture Fund,Non-governmental organizations,12,6,6
New York University,Non-governmental organizations,6,4,2
NFD Centre for Environment Education,Non-governmental organizations,7,2,5
NGO Center for Environmental Innovation,Non-governmental organizations,5,4,1
"NGO Centre of Environmental Initiatives ""Ecoaction""",Non-governmental organizations,5,3,2
"NGO Committee on the Status of Women, NY, Inc.",Non-governmental organizations,1,0,1
"NGO Ukrainian Ecological Club ""Green Wave""",Non-governmental organizations,2,1,1
Nigerian Conservation Foundation,Non-governmental organizations,2,2,0
Non-Timber Forest Products-Exchange Programme Incorporated,Non-governmental organizations,1,0,1
Nordic Folkecenter for Renewable Energy,Non-governmental organizations,7,3,4
Northeastern University,Non-governmental organizations,6,1,5
Norwegian Confederation of Trade Unions,Non-governmental organizations,5,3,2
Norwegian Forum for Environment and Development,Non-governmental organizations,13,7,6
Norwegian Refugee Council,Non-governmental organizations,3,1,2
Norwegian Society for the Conservation of Nature,Non-governmental organizations,5,1,4
Norwegian University of Life Sciences,Non-governmental organizations,2,1,1
Norwegian University of Science and Technology,Non-governmental organizations,3,2,1
Nuclear Information and Resource Service,Non-governmental organizations,2,1,1
Nurses Across the Borders,Non-governmental organizations,4,3,1
Observatoire méditerranéen de l’énergie,Non-governmental organizations,3,2,1
Observatoire pour la Protection de l’Environnement et des Monuments Historiques de Tanger,Non-governmental organizations,11,9,2
Oceana Inc.,Non-governmental organizations,4,2,2
Office International de la Viande,Non-governmental organizations,3,2,1
Oil Change International,Non-governmental organizations,7,3,4
One Sky - Canadian Institute of Sustainable Living,Non-governmental organizations,6,1,5
ONG Page Verte,Non-governmental organizations,1,1,0
OpenTeam,Non-governmental organizations,3,2,1
Organic Consumers Association,Non-governmental organizations,5,3,2
Organisation des Laics Engages du Sacré Coeur pour le Developpement de Kimbondo,Non-governmental organizations,1,1,0
Organisation pour le Respect de l’Environnement dans l’Entreprise,Non-governmental organizations,1,0,1
Organization for Poverty Alleviation and Development,Non-governmental organizations,1,1,0
Oro Verde - Tropical Forest Foundation,Non-governmental organizations,2,0,2
OSC Proyecto Musas A.C.,Non-governmental organizations,1,1,0
Ouranos,Non-governmental organizations,1,1,0
Overseas Development Institute,Non-governmental organizations,6,3,3
"Overseas Environmental Cooperation Center, Japan",Non-governmental organizations,7,3,4
OXFAM International,Non-governmental organizations,11,6,5
Oxford Climate Policy,Non-governmental organizations,3,2,1
P3 Foundation,Non-governmental organizations,2,1,1
PAIRVI Associates,Non-governmental organizations,3,3,0
Pan African Climate Justice Alliance,Non-governmental organizations,9,6,3
ParisTech,Non-governmental organizations,1,1,0
ParlAmericas,Non-governmental organizations,3,0,3
Partenariat Français pour l'Eau,Non-governmental organizations,3,0,3
Partnership for Observation of the Global Ocean,Non-governmental organizations,5,1,4
Parvati,Non-governmental organizations,2,0,2
Peace Boat Disaster Relief Volunteer Center,Non-governmental organizations,4,2,2
Pembina Institute for Appropriate Development,Non-governmental organizations,5,2,3
Pennsylvania Environmental Resource Consortium,Non-governmental organizations,3,1,2
People in Need,Non-governmental organizations,1,1,0
Peoples’ Forum 2001 GWRG,Non-governmental organizations,2,2,0
Perspectives Climate Research gGmbH,Non-governmental organizations,10,4,6
Pew Charitable Trusts,Non-governmental organizations,11,6,5
Plan International,Non-governmental organizations,10,3,7
Planète Amazone,Non-governmental organizations,2,2,0
Plant for the Planet Foundation,Non-governmental organizations,22,10,12
Plateforme Océan et Climat,Non-governmental organizations,3,1,2
Plymouth Marine Laboratory,Non-governmental organizations,5,0,5
Point Blue Conservation Science,Non-governmental organizations,3,2,1
Polish Ecological Club,Non-governmental organizations,4,1,3
Pompeu Fabra University,Non-governmental organizations,8,5,3
Potsdam Institute for Climate Impact Research,Non-governmental organizations,8,3,5
Practical Action,Non-governmental organizations,7,6,1
Prakriti Resources Centre,Non-governmental organizations,6,4,2
Presbyterian Church (U.S.A.),Non-governmental organizations,5,3,2
PRI Association,Non-governmental organizations,6,4,2
Pro-Natura International,Non-governmental organizations,13,8,5
"Programme for the Endorsement of Forest Certification Schemes, PEFC Council",Non-governmental organizations,3,2,1
Project Developer Forum Ltd.,Non-governmental organizations,14,10,4
"Pronatura Sur, A. C.",Non-governmental organizations,2,1,1
ProVeg Deutschland e.V.,Non-governmental organizations,2,1,1
Public Health Institute,Non-governmental organizations,1,0,1
Purdue University - Purdue Climate Change Research Center,Non-governmental organizations,3,0,3
PUSH Sweden,Non-governmental organizations,11,2,9
R20 - Regions of Climate Action,Non-governmental organizations,3,3,0
Rainforest Alliance,Non-governmental organizations,7,1,6
Rainforest Foundation Norway,Non-governmental organizations,9,3,6
Rainforest Partnership,Non-governmental organizations,9,3,6
Rare,Non-governmental organizations,4,2,2
Real Instituto Elcano,Non-governmental organizations,6,2,4
Reevaluation Foundation,Non-governmental organizations,19,5,14
Regeneration International,Non-governmental organizations,5,3,2
Regional Environmental Centre for Central Asia,Non-governmental organizations,3,1,2
"Regional Institute of Health, Medicine and Research",Non-governmental organizations,1,1,0
Regions4 for Sustainable Development,Non-governmental organizations,8,1,7
Remote Sensing Technology Center of Japan,Non-governmental organizations,4,3,1
Renewable Energy and Energy Efficiency Partnership,Non-governmental organizations,3,2,1
Renewable Energy Institute,Non-governmental organizations,10,2,8
Renewables Grid Initiative e.V.,Non-governmental organizations,1,0,1
Renmin University of China,Non-governmental organizations,6,3,3
REScoop.eu vzw,Non-governmental organizations,3,1,2
"Research and Development Centre, Nepal",Non-governmental organizations,3,3,0
Research Center for Eco-Environmental Sciences in Shanxi,Non-governmental organizations,6,0,6
Research Centre for Sustainable Development,Non-governmental organizations,12,4,8
Research Institute of Innovative Technology for the Earth,Non-governmental organizations,2,1,1
Réseau Action Climat - France,Non-governmental organizations,23,9,14
Réseau Français des Etudiants pour le Développement Durable,Non-governmental organizations,19,9,10
Resource Innovation Group,Non-governmental organizations,8,1,7
Resources for the Future,Non-governmental organizations,1,1,0
Responding to Climate Change,Non-governmental organizations,6,5,1
RESPONSE Charitable Trust,Non-governmental organizations,2,1,1
"Reusa Misión Planeta, A.C.",Non-governmental organizations,9,5,4
"Rights and Resources Institute, Inc.",Non-governmental organizations,2,2,0
Rio de Janeiro Environmental Exchange,Non-governmental organizations,2,1,1
Rock Environment and Energy Institute,Non-governmental organizations,5,2,3
"Rockefeller Brothers Fund, Inc.",Non-governmental organizations,3,1,2
"Rockefeller Philanthropy Advisors, Inc.",Non-governmental organizations,5,2,3
Rocky Mountain Institute,Non-governmental organizations,7,2,5
Rosa-Luxemburg-Stiftung - Gesellschaftsanalye und politische Bildung e.V.,Non-governmental organizations,12,3,9
Rural Development Institute,Non-governmental organizations,1,0,1
Rural Women Energy Security Ltd/Gte,Non-governmental organizations,4,3,1
Sabanci University,Non-governmental organizations,2,2,0
Saint Francis Xavier University,Non-governmental organizations,1,1,0
Saint John’s University,Non-governmental organizations,12,8,4
Sasakawa Peace Foundation,Non-governmental organizations,7,3,4
Sauvons Le Climat,Non-governmental organizations,2,2,0
Science Museum of Minnesota,Non-governmental organizations,1,1,0
Scientific Committee on Antarctic Research,Non-governmental organizations,10,8,2
"SDSN Association, Inc.",Non-governmental organizations,6,2,4
Seas at Risk,Non-governmental organizations,5,2,3
SeaTrust Institute,Non-governmental organizations,2,0,2
Seoul International Law Academy,Non-governmental organizations,2,1,1
Sequoia Foundation,Non-governmental organizations,2,2,0
Servicios en Comunicación Intercultural,Non-governmental organizations,2,2,0
Shan Shui Conservation Center,Non-governmental organizations,4,1,3
Shandong Society for Sustainable Development,Non-governmental organizations,1,0,1
Shinji Shumeikai,Non-governmental organizations,3,1,2
Sierra Club,Non-governmental organizations,4,3,1
Sierra Club Canada,Non-governmental organizations,1,0,1
"SILVA, Arbres, Forêts et Sociétes",Non-governmental organizations,3,3,0
Sjoham Baabaji Mission,Non-governmental organizations,1,0,1
Slow Food,Non-governmental organizations,1,0,1
Small and Medium Scale Entrepreneurship Fundamentals Foundation,Non-governmental organizations,3,3,0
SNV Netherlands Development Organisation,Non-governmental organizations,6,4,2
SOAS University of London,Non-governmental organizations,5,4,1
Sociedade Pesquisa em Vida Salvagem e Educacao Ambiental,Non-governmental organizations,3,1,2
Società Italiana per le Scienze del Clima,Non-governmental organizations,9,5,4
Society for Development and Community Empowerment,Non-governmental organizations,6,5,1
Society for Threatened Peoples International,Non-governmental organizations,1,0,1
Society of Catholic Medical Missionaries,Non-governmental organizations,3,0,3
Society of Entrepreneurs and Ecology Foundation,Non-governmental organizations,3,1,2
Solar Cookers International,Non-governmental organizations,2,1,1
Solar Impulse Foundation,Non-governmental organizations,3,2,1
Solutions From The Land,Non-governmental organizations,4,4,0
South-South Global Assets and Technology Exchange,Non-governmental organizations,4,3,1
Southern African Confederation of Agricultural Unions,Non-governmental organizations,2,2,0
SouthSouthNorth Projects Africa,Non-governmental organizations,5,3,2
Stand,Non-governmental organizations,3,2,1
Stichting Climate Action Network South Asia,Non-governmental organizations,9,4,5
Stichting Hivos (Humanistisch Instituut voor Ontwikkelingssamenwerk ing),Non-governmental organizations,5,1,4
"Stichting Partnership on Sustainable, Low Carbon Transport (SLoCaT) Foundation",Non-governmental organizations,4,1,3
Stichting Wageningen Research,Non-governmental organizations,7,4,3
Stiftung Mercator Foundation,Non-governmental organizations,1,0,1
Stockholm Environment Institute,Non-governmental organizations,8,4,4
Stockholm International Water Institute,Non-governmental organizations,8,7,1
Stockholm University,Non-governmental organizations,11,5,6
Stop Climate Chaos Scotland,Non-governmental organizations,4,2,2
Student Energy,Non-governmental organizations,4,1,3
Sustainable Amazonas Foundation,Non-governmental organizations,4,3,1
Sustainable Business Australia,Non-governmental organizations,4,3,1
Sustainable Energy for All Association for sustainable Energy,Non-governmental organizations,4,2,2
Sustainable Environmental Development Watch,Non-governmental organizations,3,2,1
Sustainable Harvest International,Non-governmental organizations,2,1,1
Sustainable Markets Foundation - 350.org,Non-governmental organizations,34,18,16
Sustainable Population Australia Inc.,Non-governmental organizations,8,6,2
SustainableEnergy,Non-governmental organizations,1,1,0
SustainUS,Non-governmental organizations,6,2,4
Swarthmore College,Non-governmental organizations,11,6,5
Swedish Society for Nature Conservation,Non-governmental organizations,5,2,3
Swedish University of Agricultural Sciences,Non-governmental organizations,3,2,1
Swiss Business Council for Sustainable Development,Non-governmental organizations,3,3,0
Swisscontact,Non-governmental organizations,1,1,0
Taiwan Carbon Capture Storage and Utilization Association,Non-governmental organizations,8,7,1
Taiwan Institute for Sustainable Energy,Non-governmental organizations,15,5,10
Taiwan Research Institute,Non-governmental organizations,12,9,3
TakingITGlobal,Non-governmental organizations,15,6,9
Tamaynut,Non-governmental organizations,2,2,0
TaxCOOP,Non-governmental organizations,2,0,2
Tearfund,Non-governmental organizations,10,5,5
Tebtebba Foundation,Non-governmental organizations,4,1,3
Technical University of Denmark,Non-governmental organizations,8,4,4
Technology Education Research and Rehabilitation for Environment Policy Centre,Non-governmental organizations,1,1,0
Telecommunication and Transportation Foundation,Non-governmental organizations,2,2,0
Texas Impact Education Fund doing business as the Texas Interfaith Center for Public Policy,Non-governmental organizations,7,1,6
The Australia Institute Ltd.,Non-governmental organizations,1,1,0
"The B Team Headquarters, Inc.",Non-governmental organizations,2,0,2
The Carbon Institute,Non-governmental organizations,11,7,4
The Carbon Trust,Non-governmental organizations,5,4,1
The Catholic Agency for Overseas Development,Non-governmental organizations,3,3,0
The Climate Group,Non-governmental organizations,12,2,10
The Climate Reality Project,Non-governmental organizations,8,7,1
The Climate Registry,Non-governmental organizations,10,4,6
The Corner House,Non-governmental organizations,2,1,1
The Danish Family Planning Association,Non-governmental organizations,2,0,2
The Energy and Resources Institute,Non-governmental organizations,6,3,3
The Fairtrade Foundation,Non-governmental organizations,1,1,0
The Federation for Associations Connected to the International HUMANA PEOPLE TO PEOPLE Movement,Non-governmental organizations,7,2,5
The Gaia Foundation,Non-governmental organizations,2,1,1
The Gold Standard Foundation,Non-governmental organizations,8,4,4
The Green Initiative,Non-governmental organizations,3,3,0
The Institute of Environmental Management and Assessment,Non-governmental organizations,5,4,1
The Interfaith Center for Sustainable Development,Non-governmental organizations,8,4,4
The Japan Gas Association,Non-governmental organizations,3,3,0
The Kenya Climate Change Working Group Association,Non-governmental organizations,2,1,1
"The Mountain Institute, Inc.",Non-governmental organizations,4,0,4
The National Farmers Union,Non-governmental organizations,5,3,2
The Nature Conservancy,Non-governmental organizations,23,8,15
The Ocean Foundation,Non-governmental organizations,3,2,1
The Rockefeller Foundation,Non-governmental organizations,2,1,1
The Rockies Institute Ltd,Non-governmental organizations,2,0,2
The Stanley Foundation,Non-governmental organizations,3,2,1
The University of Arizona,Non-governmental organizations,6,4,2
The University of British Columbia,Non-governmental organizations,2,1,1
The University of Manchester,Non-governmental organizations,3,3,0
The University of Sheffield,Non-governmental organizations,9,3,6
The V.I. Vernadsky Nongovernmental Ecological Foundation,Non-governmental organizations,3,1,2
The Woods Hole Research Center,Non-governmental organizations,6,2,4
Third Generation Environmentalism,Non-governmental organizations,3,1,2
Third World Network,Non-governmental organizations,9,2,7
Tianda Institute,Non-governmental organizations,12,6,6
Transparency International,Non-governmental organizations,10,6,4
Transport Research Foundation,Non-governmental organizations,3,1,2
Trustees of the University of Pennsylvania,Non-governmental organizations,8,4,4
Trustees of Tufts College,Non-governmental organizations,12,3,9
"Tsinghua University, Global Climate Change Institute",Non-governmental organizations,6,3,3
Turkish Industry and Business Association,Non-governmental organizations,4,1,3
U.S. Climate Action Network,Non-governmental organizations,14,4,10
UNEP - Finance Initiative,Non-governmental organizations,5,4,1
UNICA - Brazilian Sugarcane Industry Association,Non-governmental organizations,2,0,2
Unidad Nacional de Asociaciones de Ingenieros A.C.,Non-governmental organizations,1,1,0
Unión de Industriales para Saneamiento Cuencas Matanza Riachuelo y Reconquista,Non-governmental organizations,5,3,2
Union of Concerned Scientists,Non-governmental organizations,6,3,3
Union of the Electricity Industry,Non-governmental organizations,4,1,3
Unitarian Universalist Association,Non-governmental organizations,4,1,3
United Church of Canada,Non-governmental organizations,3,1,2
United Kingdom Youth Climate Coalition Limited,Non-governmental organizations,7,3,4
United Methodist Church - General Board of Church and Society,Non-governmental organizations,4,3,1
United Mine Workers of America,Non-governmental organizations,3,1,2
United Nations Foundation,Non-governmental organizations,7,3,4
United Nations of Youth Network,Non-governmental organizations,3,2,1
United States Council for International Business,Non-governmental organizations,1,0,1
Universidad de Barcelona,Non-governmental organizations,1,0,1
Universidad de las Islas Baleares,Non-governmental organizations,1,1,0
Universidad Politécnica de Cataluña,Non-governmental organizations,11,6,5
Université Cadi Ayyad de Marrakech,Non-governmental organizations,1,0,1
Université de Brest,Non-governmental organizations,2,0,2
Université de Liège,Non-governmental organizations,8,2,6
Université de Montréal,Non-governmental organizations,2,2,0
Université de Sherbrooke,Non-governmental organizations,9,2,7
Université Laval,Non-governmental organizations,1,1,0
Université Libre de Bruxelles,Non-governmental organizations,7,0,7
University College London,Non-governmental organizations,9,4,5
University Corporation for Atmospheric Research,Non-governmental organizations,11,6,5
"University Luigi Bocconi, Institute of Energy and Environment Economics and Policy",Non-governmental organizations,4,2,2
University of Zurich,Non-governmental organizations,7,6,1
University of Adelaide,Non-governmental organizations,2,2,0
University of Antwerp,Non-governmental organizations,8,5,3
University of Applied Sciences Cologne,Non-governmental organizations,2,1,1
University of Calgary,Non-governmental organizations,4,1,3
University of California,Non-governmental organizations,40,16,24
University of Cambridge,Non-governmental organizations,10,2,8
University of Cape Town,Non-governmental organizations,1,0,1
University of Colorado at Boulder,Non-governmental organizations,6,2,4
University of Connecticut,Non-governmental organizations,12,3,9
University of Copenhagen,Non-governmental organizations,2,1,1
University of East Anglia,Non-governmental organizations,4,2,2
University of Eastern Finland,Non-governmental organizations,2,1,1
University of Edinburgh,Non-governmental organizations,6,3,3
University of Exeter,Non-governmental organizations,3,2,1
"University of Freiburg, Institute of Forest and Environmental Policy",Non-governmental organizations,3,1,2
University of Genoa,Non-governmental organizations,2,0,2
University of Hamburg,Non-governmental organizations,5,4,1
University of Hawaii,Non-governmental organizations,8,1,7
University of Heidelberg,Non-governmental organizations,6,4,2
University of Helsinki,Non-governmental organizations,1,0,1
University of Illinois,Non-governmental organizations,2,1,1
University of Leeds,Non-governmental organizations,4,2,2
University of Linköping,Non-governmental organizations,9,4,5
University of Maryland,Non-governmental organizations,6,3,3
University of Melbourne,Non-governmental organizations,2,2,0
University of Michigan,Non-governmental organizations,13,3,10
University of Minnesota,Non-governmental organizations,12,3,9
University of Nijmegen,Non-governmental organizations,5,2,3
University of North Carolina,Non-governmental organizations,8,2,6
University of Oslo,Non-governmental organizations,2,1,1
University of Oxford,Non-governmental organizations,10,4,6
University of Reading,Non-governmental organizations,8,2,6
University of Southern Denmark,Non-governmental organizations,2,0,2
"University of St. Gallen, Institute for Economy and the Environment",Non-governmental organizations,1,1,0
University of Sussex - Sussex Energy Group,Non-governmental organizations,3,1,2
University of Technology Malaysia,Non-governmental organizations,3,3,0
University of Texas at Austin,Non-governmental organizations,5,4,1
University of Tokyo,Non-governmental organizations,9,2,7
University of Toronto,Non-governmental organizations,10,2,8
University of Vermont,Non-governmental organizations,2,1,1
University of Washington,Non-governmental organizations,2,0,2
University of Waterloo,Non-governmental organizations,11,3,8
Uppsala University,Non-governmental organizations,10,5,5
urgewald e.V.,Non-governmental organizations,4,0,4
Vanderbilt University,Non-governmental organizations,12,4,8
Vasudha Foundation,Non-governmental organizations,1,1,0
Vermont Law School,Non-governmental organizations,4,3,1
Verra,Non-governmental organizations,5,3,2
Victoria University Wellington,Non-governmental organizations,5,1,4
Vikalp,Non-governmental organizations,3,3,0
Viracao Educommunication,Non-governmental organizations,13,7,6
Virginia Polytechnic Institute and State University,Non-governmental organizations,6,4,2
"Vitae Civilis Institute for Development, Environment and Peace",Non-governmental organizations,23,11,12
Vivre en Ville,Non-governmental organizations,1,1,0
Wageningen University,Non-governmental organizations,6,1,5
Washington University,Non-governmental organizations,21,5,16
Water Safety Initiative Foundation,Non-governmental organizations,1,1,0
Welthungerhilfe,Non-governmental organizations,2,1,1
Wetlands International,Non-governmental organizations,5,2,3
Widener University,Non-governmental organizations,2,1,1
Wildlife Conservation Society,Non-governmental organizations,7,5,2
WindEurope,Non-governmental organizations,7,6,1
Windward Fund,Non-governmental organizations,5,3,2
Winrock International,Non-governmental organizations,9,5,4
Women Engage for a Common Future,Non-governmental organizations,14,2,12
Women Environmental Programme,Non-governmental organizations,9,3,6
Women Organizing for Change in Agriculture and Natural Resource Management,Non-governmental organizations,3,0,3
Women’s Earth and Climate Caucus,Non-governmental organizations,7,0,7
Women’s Environment and Development Organization,Non-governmental organizations,48,6,42
Women’s International League for Peace and Freedom,Non-governmental organizations,4,0,4
World Alliance of Young Men’s Christian Associations,Non-governmental organizations,16,7,9
World Bioenergy Association,Non-governmental organizations,6,6,0
World Business Council for Sustainable Development,Non-governmental organizations,34,25,9
World Coal Association,Non-governmental organizations,1,1,0
World Conference of Religions for Peace,Non-governmental organizations,1,0,1
World Council of Churches,Non-governmental organizations,11,6,5
World Economic Forum,Non-governmental organizations,5,1,4
World Energy Council,Non-governmental organizations,2,2,0
World Evangelical Alliance,Non-governmental organizations,6,2,4
World Farmers’ Organisation,Non-governmental organizations,45,23,22
World Federation of Engineering Organizations,Non-governmental organizations,5,3,2
World Future Council,Non-governmental organizations,4,1,3
"World Green Building Council, Inc.",Non-governmental organizations,3,1,2
World Medical Association,Non-governmental organizations,6,4,2
World Ocean Council,Non-governmental organizations,1,1,0
World Ocean Network,Non-governmental organizations,3,2,1
World Organization of the Scout Movement,Non-governmental organizations,1,1,0
World Resources Institute,Non-governmental organizations,28,14,14
World Steel Association,Non-governmental organizations,2,1,1
World Union of Small and Medium Enterprises,Non-governmental organizations,2,2,0
World Water Council,Non-governmental organizations,2,1,1
World Wind Energy Association,Non-governmental organizations,1,1,0
Worldwatch Institute,Non-governmental organizations,2,1,1
"Wuppertal Institute for Climate, Environment and Energy",Non-governmental organizations,10,7,3
WWF,Non-governmental organizations,82,40,42
Yale Student Environmental Coalition,Non-governmental organizations,23,7,16
Yale University,Non-governmental organizations,10,8,2
York University,Non-governmental organizations,13,8,5
Young Energy Specialists - Development Cooperation,Non-governmental organizations,8,3,5
Young Power in Social Action,Non-governmental organizations,1,1,0
Zhenjiang Green Sanshan Environmental Public Welfare Service Center,Non-governmental organizations,3,1,2
ZOI Environment Network,Non-governmental organizations,2,2,0