"","docnum","Topic1","Topic2","Topic3","Topic4","Topic5","Topic6","Topic7","Topic8","X","file_iso","name","continent"
"1",1,0.13143789098473,0.0861343867594999,0.396560762478788,0.00193139484558605,0.0291321668123534,0.0405648224575006,0.238729406002685,0.0755091696588581,1,"AGO","Angola","Africa"
"2",2,0.000148168839054044,5.77180074301879e-06,5.69851438268463e-05,6.60054482512288e-05,0.998947506565378,4.99355120828401e-06,0.000191397258931208,0.00057917139260663,2,"ALB","Albania","Europe"
"3",3,0.0116514586625118,0.0555063608929982,0.749471195141203,0.0011115081933439,0.0338690057814734,0.00702837663407636,0.137547433817617,0.00381466087677599,3,"AND","Andorra","Europe"
"4",4,0.743041475787404,0.0394570893181681,0.00810700546522303,0.104000406986456,0.000828345508746256,0.0991094614773999,0.00278527565342781,0.00267093980317499,4,"ARM","Armenia","Asia"
"5",5,0.385335040901087,0.523998256290655,0.000177298528094962,0.0200576453857122,0.000342989603591263,0.000388532810003981,0.000832637241773267,0.0688675992390827,5,"ATG","Antigua & Barbuda","Americas"
"6",6,0.399234255226866,0.0367259614521094,0.00544773853949982,0.220329107732157,0.0208704457010897,0.00339671940567057,0.226814141974613,0.087181629967995,6,"AUS","Australia","Oceania"
"7",7,0.389821852193742,0.0102031465495664,0.00185865034920011,0.575569296787554,0.0128460959269507,0.0011848239726382,0.00461857785360853,0.00389755636674042,7,"AUS","Australia","Oceania"
"8",8,0.00154340283749556,0.000120416303518632,0.000317666242402508,0.997297836415372,6.56639109768574e-05,0.000153576004213394,0.000302920588252115,0.000198517697769446,8,"AUT","Austria","Europe"
"9",9,0.00154340283749556,0.000120416303518632,0.000317666242402508,0.997297836415372,6.56639109768574e-05,0.000153576004213394,0.000302920588252115,0.000198517697769446,9,"BEL","Belgium","Europe"
"10",10,0.00399625675956517,0.0016804448490878,0.00197968598760508,0.00183102128848843,0.00185614094038667,0.000258026740614641,0.985894848791395,0.00250357464285728,10,"BGD","Bangladesh","Asia"
"11",11,0.00128478114929901,0.000673675346792448,0.00047438160465519,0.0838198399097976,0.00074986266057302,0.000109613949033053,0.911882147640329,0.00100569773952014,11,"BGD","Bangladesh","Asia"
"12",12,0.00154340283749556,0.000120416303518632,0.000317666242402508,0.997297836415372,6.56639109768574e-05,0.000153576004213394,0.000302920588252115,0.000198517697769446,12,"BGR","Bulgaria","Europe"
"13",13,0.356071030424535,0.00395805422734405,0.0763107904213368,0.00294113536057085,0.00653341972398569,0.001306432184806,0.550154699037698,0.00272443861972323,13,"BHR","Bahrain","Asia"
"14",14,0.489813561092839,0.0174141635760312,0.00679887968144695,0.00681574821897271,0.022463273914312,0.279321716307707,0.0796743240391548,0.097698333169537,14,"BIH","Bosnia & Herzegovina","Europe"
"15",15,0.563453520621688,0.3917152029372,0.00511885773364938,0.0134590552651044,0.00212656255548838,0.00996100483124264,0.00959208433772237,0.00457371171790476,15,"BLR","Belarus","Europe"
"16",16,0.00769293109374186,0.000734657933521821,0.00615571971369527,0.0632480663879977,0.0365696577842835,0.00026806008905379,0.882986811581622,0.00234409541608418,16,"BLZ","Belize","Americas"
"17",17,0.0403215466701213,0.00745678728450332,0.00449814167269189,0.803929748289078,0.0015135479922551,0.00130554489097944,0.138252594148221,0.00272208905214991,17,"BRA","Brazil","Americas"
"18",18,0.130526186991517,0.195911817434972,0.0061916251726042,0.0988334199621349,0.00479863622350397,0.00147851927065668,0.560400274557102,0.00185952038750924,18,"BRB","Barbados","Americas"
"19",19,0.487661346753568,0.00310227506967839,0.00169393203623702,0.311076938320888,0.00112244607555668,0.000514137588939007,0.193158497175705,0.0016704269794271,19,"CAN","Canada","Americas"
"20",20,0.00293500699004907,0.000228560630638155,0.000592087275273313,0.99491766867336,0.000125191424301172,0.00027048240353466,0.000564084786120417,0.000366917816723216,20,"CHE","Switzerland","Europe"
"21",21,0.00293668784238718,0.000228668934551756,0.000592318582883302,0.99491506437882,0.000125255766451842,0.000270576400285972,0.000564357501142089,0.000367070593477561,21,"CHE","Switzerland","Europe"
"22",22,0.182286933951495,0.000488334061831783,0.800320268866258,0.0125869544093643,0.0010372417119946,0.00143457873691763,0.00135619985144532,0.000489488410694018,22,"CHL","Chile","Americas"
"23",23,0.466484673785617,0.00159521444731167,0.000667191290843833,0.00144434084452259,0.00169574141090066,0.000220019742653873,0.52171888526495,0.00617393321320002,23,"CHN","China","Asia"
"24",24,0.00273468528340347,0.0326910550767599,0.345491037328244,0.000542290903317576,0.0148548683196774,0.00265666674642951,0.27924634130329,0.321783055038877,24,"COG","Congo - Brazzaville","Africa"
"25",25,0.000175440662908995,3.54089787708803e-05,0.998548706404943,9.84795282165316e-05,9.50619205705046e-05,0.000807931034559935,0.000177736996106796,6.12344739234183e-05,25,"COL","Colombia","Americas"
"26",26,0.000635630928992469,0.00329462807094173,0.00128863593827389,0.000152908134709613,0.00516913791616247,0.000110030962340457,0.987696429564094,0.00165259848448519,26,"CPV","Cape Verde","Africa"
"27",27,0.00833332641366066,0.00112562325155988,0.970641043313967,0.00779441737189763,0.00144783848314002,0.00331429112473823,0.00567134753669721,0.00167211250433946,27,"CRI","Costa Rica","Americas"
"28",28,0.00179380144547998,0.000142335571735342,0.9611836453025,0.0341573273542798,0.000280928942943947,0.000814137690576056,0.00130541403453991,0.00032240965794572,28,"CRI","Costa Rica","Americas"
"29",29,0.00580476820463045,0.00172416465826922,0.659934773016027,0.00323618675757379,0.00373222163989891,0.00157328890453477,0.319428427309045,0.00456616951002141,29,"CUB","Cuba","Americas"
"30",30,0.00154340283749556,0.000120416303518632,0.000317666242402508,0.997297836415372,6.56639109768574e-05,0.000153576004213394,0.000302920588252115,0.000198517697769446,30,"CYP","Cyprus","Asia"
"31",31,0.00154340283749556,0.000120416303518632,0.000317666242402508,0.997297836415372,6.56639109768574e-05,0.000153576004213394,0.000302920588252115,0.000198517697769446,31,"CZE","Czechia","Europe"
"32",32,0.00154340283749556,0.000120416303518632,0.000317666242402508,0.997297836415372,6.56639109768574e-05,0.000153576004213394,0.000302920588252115,0.000198517697769446,32,"DEU","Germany","Europe"
"33",33,0.00154340283749556,0.000120416303518632,0.000317666242402508,0.997297836415372,6.56639109768574e-05,0.000153576004213394,0.000302920588252115,0.000198517697769446,33,"DNK","Denmark","Europe"
"34",34,0.538176212632963,0.000328404675612865,0.444348814522969,0.0162648155001564,0.000156639557831811,0.000332439361020932,0.000287811608500199,0.000104862140944761,34,"DOM","Dominican Republic","Americas"
"35",35,0.00154340283749556,0.000120416303518632,0.000317666242402508,0.997297836415372,6.56639109768574e-05,0.000153576004213394,0.000302920588252115,0.000198517697769446,35,"ESP","Spain","Europe"
"36",36,0.00154340283749556,0.000120416303518632,0.000317666242402508,0.997297836415372,6.56639109768574e-05,0.000153576004213394,0.000302920588252115,0.000198517697769446,36,"EST","Estonia","Europe"
"37",37,0.00154340283749556,0.000120416303518632,0.000317666242402508,0.997297836415372,6.56639109768574e-05,0.000153576004213394,0.000302920588252115,0.000198517697769446,37,"EUU",NA,NA
"38",38,0.00154340283749556,0.000120416303518632,0.000317666242402508,0.997297836415372,6.56639109768574e-05,0.000153576004213394,0.000302920588252115,0.000198517697769446,38,"FIN","Finland","Europe"
"39",39,0.617635393047399,0.00151740648734254,0.00312503780338574,0.36577713767174,0.00401213792322616,0.000923388886405378,0.00286744331181184,0.00414205486868835,39,"FJI","Fiji","Oceania"
"40",40,0.00154340283749556,0.000120416303518632,0.000317666242402508,0.997297836415372,6.56639109768574e-05,0.000153576004213394,0.000302920588252115,0.000198517697769446,40,"FRA","France","Europe"
"41",41,0.488886862609943,0.00232219292179495,0.00294903659000094,0.498050770043297,0.00112835803910835,0.00104098702285627,0.00396339144865597,0.00165840132434379,41,"GBR","United Kingdom","Europe"
"42",42,0.842519283328424,0.00256668487386964,0.00182339045010661,0.00881040376668309,0.133882411428337,0.000762101739669378,0.00447848223259306,0.00515724218031686,42,"GEO","Georgia","Asia"
"43",43,0.405433520236852,0.552323599941305,0.000520675558369217,0.0372993540734604,0.000231192704927421,0.00261650026478065,0.000904912802982297,0.000670244417322976,43,"GHA","Ghana","Africa"
"44",44,0.018252048805765,0.0495320619207151,0.443801617060024,0.00594206541731169,0.00126046183802826,0.0714179607354755,0.405837280095418,0.00395650412726339,44,"GIN","Guinea","Africa"
"45",45,0.638362411038492,0.0020587232540018,0.149963713403714,0.198573045523674,0.00221789987049999,0.00425636780466415,0.00268017601536553,0.00188766308958863,45,"GNB","Guinea-Bissau","Africa"
"46",46,0.00154340283749556,0.000120416303518632,0.000317666242402508,0.997297836415372,6.56639109768574e-05,0.000153576004213394,0.000302920588252115,0.000198517697769446,46,"GRC","Greece","Europe"
"47",47,0.00330021783788695,0.000141095931926452,0.986097200530748,0.00891100524481997,0.000209385543390997,0.000487218116956017,0.000617898097839567,0.000235978696432713,47,"HND","Honduras","Americas"
"48",48,0.00154340283749556,0.000120416303518632,0.000317666242402508,0.997297836415372,6.56639109768574e-05,0.000153576004213394,0.000302920588252115,0.000198517697769446,48,"HRV","Croatia","Europe"
"49",49,0.00154340283749556,0.000120416303518632,0.000317666242402508,0.997297836415372,6.56639109768574e-05,0.000153576004213394,0.000302920588252115,0.000198517697769446,49,"HUN","Hungary","Europe"
"50",50,0.959106398192778,0.000796918913156975,0.00148760475147675,0.0078648641225951,0.0267290018622228,0.000284358614403675,0.00161865743345297,0.00211219610991417,50,"IDN","Indonesia","Asia"
"51",51,0.00154340283749556,0.000120416303518632,0.000317666242402508,0.997297836415372,6.56639109768574e-05,0.000153576004213394,0.000302920588252115,0.000198517697769446,51,"IRL","Ireland","Europe"
"52",52,0.0134350618907743,0.000695594678300482,0.00146573574260027,0.980518126293695,0.000407309914799625,0.000658572722684981,0.00182157493252916,0.000998023824616248,52,"ISL","Iceland","Europe"
"53",53,0.0935770765575012,0.00498704464494017,0.00379199812822841,0.73829219418359,0.000605672331692274,0.153623204986998,0.00239595000910567,0.00272685915794417,53,"ISR","Israel","Asia"
"54",54,0.00154340283749556,0.000120416303518632,0.000317666242402508,0.997297836415372,6.56639109768574e-05,0.000153576004213394,0.000302920588252115,0.000198517697769446,54,"ITA","Italy","Europe"
"55",55,0.303709923057521,0.00204074775513631,0.0246777011824487,0.662719320138485,0.00102915144801465,0.00185613092246548,0.0026770655270381,0.0012899599688904,55,"JAM","Jamaica","Americas"
"56",56,0.0519667275849143,0.000647620596877126,0.0738363143784243,0.0124975802274777,0.45396910054409,0.000589128607615423,0.280126944475134,0.126366583585467,56,"JOR","Jordan","Asia"
"57",57,0.0922345107890651,0.120970914913349,0.00438694972668977,0.601311032376118,0.000764383061129152,0.168268456138564,0.00448276003208724,0.00758099296299812,57,"JPN","Japan","Asia"
"58",58,0.00193282035582709,0.000283028268733103,0.155276725153778,0.0224406231334337,0.00985109916944026,0.000919216216614304,0.00273995203835153,0.806556535663822,58,"KEN","Kenya","Africa"
"59",59,0.795363631037647,0.184142888852469,0.000698710808927157,0.0161470677063293,0.000338536053536022,0.00144564005901783,0.00120002951475269,0.000663495967320816,59,"KGZ","Kyrgyzstan","Asia"
"60",60,4.89194004810861e-05,5.13611825738051e-05,1.46779626237542e-05,3.13091537030491e-05,0.000362756721659199,3.261874942239e-05,9.91248301330111e-05,0.999359231999404,60,"KHM","Cambodia","Asia"
"61",61,0.00301318462013606,0.000142475359607513,0.000539719184757266,0.0233052785184579,0.965818243949997,0.000124239741281209,0.00298447760792484,0.00407238101783817,61,"KNA","St. Kitts & Nevis","Americas"
"62",62,0.354958020301031,0.000807189019022532,0.00106336286525592,0.640355834383749,0.000527219086706161,0.000491056856578096,0.00115295299196638,0.000644364495690133,62,"KOR","South Korea","Asia"
"63",63,0.450213194711799,0.00121352683623993,0.00209708735927902,0.543229181688262,0.000635151161010301,0.000571407292598077,0.0013412646060178,0.00069918634479385,63,"KOR","South Korea","Asia"
"64",64,0.0267330692037216,0.0146914592143436,0.0835482494932087,0.448505987146673,0.0871428251671692,0.0367260484811226,0.29234526365043,0.010307097643331,64,"KWT","Kuwait","Asia"
"65",65,0.00187489450449667,0.0114953179343124,0.000894040706261915,0.000645082427591586,0.00560767627170869,0.00182449221389783,0.759150854202222,0.218507641739509,65,"LAO","Laos","Asia"
"66",66,0.00417179152185957,0.00151782317984752,0.247022322417286,0.0756873523592885,0.00507722148042589,0.00132784391900112,0.547295771758062,0.117899873364229,66,"LBN","Lebanon","Asia"
"67",67,0.314894421855409,0.00533807037716631,0.0016622825907166,0.0520809933643511,0.00888412676429312,0.29653391700431,0.157944992289297,0.162661195754458,67,"LBR","Liberia","Africa"
"68",68,0.149210390558824,0.0673109307974535,0.0540555444432361,0.388780292661344,0.00230865524774565,0.0161616783486338,0.0679853129109308,0.254187195031832,68,"LCA","St. Lucia","Americas"
"69",69,0.0049999695200151,0.0968443091432301,0.00162230887204043,0.000662215743397253,0.0537185621226944,0.0568174916167554,0.72090340981597,0.0644317331658972,69,"LKA","Sri Lanka","Asia"
"70",70,0.00154340283749556,0.000120416303518632,0.000317666242402508,0.997297836415372,6.56639109768574e-05,0.000153576004213394,0.000302920588252115,0.000198517697769446,70,"LTU","Lithuania","Europe"
"71",71,0.00154340283749556,0.000120416303518632,0.000317666242402508,0.997297836415372,6.56639109768574e-05,0.000153576004213394,0.000302920588252115,0.000198517697769446,71,"LUX","Luxembourg","Europe"
"72",72,0.00154340283749556,0.000120416303518632,0.000317666242402508,0.997297836415372,6.56639109768574e-05,0.000153576004213394,0.000302920588252115,0.000198517697769446,72,"LVA","Latvia","Europe"
"73",73,0.0017865127174334,0.000584184455600717,0.0962142379473558,0.0526353581089309,0.0136629042887422,0.000417489737930649,0.833157588463302,0.00154172428070481,73,"MAR","Morocco","Africa"
"74",74,0.00603831137339647,0.0013095668565344,0.138373534786272,0.000972300807860108,0.0997399595426856,0.000681303354302152,0.749370429548101,0.00351459373084846,74,"MCO","Monaco","Europe"
"75",75,0.000256413050503942,0.000112546955888689,0.000253557451648045,0.000122144010920271,1.24404488613906e-05,0.999068962417679,4.44396368778316e-05,0.000129496027620797,75,"MDA","Moldova","Europe"
"76",76,0.103197449936549,0.00508695837624452,0.00199297487905359,0.627824486998643,0.00511577256629149,0.00133082461693134,0.229205921344474,0.0262456112818132,76,"MDV","Maldives","Asia"
"77",77,0.261635107241364,0.000653864578776562,0.601894279816489,0.131199003281943,0.000787136911362233,0.00153779829367702,0.00133975951328207,0.000953050363106413,77,"MEX","Mexico","Americas"
"78",78,0.661589557466269,0.0268582352087519,0.0118760930537537,0.0243970170645,0.0109030730760602,0.00347479488616445,0.250822404392551,0.0100788248519494,78,"MHL","Marshall Islands","Oceania"
"79",79,0.925306445641581,0.00252576226918366,0.000532732625838411,0.0697351166505187,0.00028980350945647,0.000652191081168821,0.000538397374806057,0.000419550847447385,79,"MKD","North Macedonia","Europe"
"80",80,0.00154340283749556,0.000120416303518632,0.000317666242402508,0.997297836415372,6.56639109768574e-05,0.000153576004213394,0.000302920588252115,0.000198517697769446,80,"MLT","Malta","Europe"
"81",81,0.000778731439427347,0.062801055433692,0.000181271183344314,0.000128118768355898,0.000177001991742975,9.84613165048196e-05,0.935349225944295,0.000486133922637117,81,"MMR","Myanmar (Burma)","Asia"
"82",82,0.873657501789869,0.00181518960088902,0.011170422830665,0.106402100815296,0.00162165080452953,0.00111138765487616,0.002589811110526,0.00163193539334923,82,"MNE","Montenegro","Europe"
"83",83,0.00442257385309115,0.000729411764116602,0.00177360924105854,0.0005357614089586,0.667331302487351,0.000149152489175898,0.315318167933262,0.00974002082298624,83,"MNG","Mongolia","Asia"
"84",84,0.00208127728841333,0.541494768002284,0.000541764878702293,0.0891974557322336,0.000687571952232254,0.00105935433221901,0.359501885199619,0.00543592261429667,84,"MUS","Mauritius","Africa"
"85",85,0.00014760706442534,0.999310162971224,1.47828701809386e-05,3.0550399835912e-05,4.76932079470014e-06,6.99213056328708e-05,0.000341795093385045,8.04109745218535e-05,85,"MWI","Malawi","Africa"
"86",86,0.0646606604829881,0.00477563363006773,0.0114025466346841,0.465926914226429,0.0151449557376961,0.00872950260335719,0.164281242454072,0.265078544230706,86,"MYS","Malaysia","Asia"
"87",87,0.998246534705214,0.000504446038382807,0.000214224598373613,0.000285240665459749,0.000246533435562013,8.7822296954839e-05,0.000279318453225982,0.00013587980682609,87,"NAM","Namibia","Africa"
"88",88,0.00291667853013035,0.0868337976391862,0.898027123404223,0.00204291824872492,0.000350927367669539,0.00590900462680209,0.00255005741973841,0.00136949276352604,88,"NIC","Nicaragua","Americas"
"89",89,0.00154340283749556,0.000120416303518632,0.000317666242402508,0.997297836415372,6.56639109768574e-05,0.000153576004213394,0.000302920588252115,0.000198517697769446,89,"NLD","Netherlands","Europe"
"90",90,0.00437924055745812,0.000345124174181892,0.000763294955743378,0.992657225557738,0.000179326220833158,0.000357335032591708,0.000800504661149916,0.000517948840303826,90,"NOR","Norway","Europe"
"91",91,0.764557534289159,0.0250984802003755,0.00425796063217128,0.176747457458711,0.00199422709444021,0.0175364246927292,0.0054578481517506,0.00435006748066261,92,"NZL","New Zealand","Oceania"
"92",92,0.00160197611382639,0.000235802198452451,0.980213305977845,0.00212625714922732,0.000122356028152092,0.0150040405076198,0.000459804724139129,0.000236457300738632,93,"PAN","Panama","Americas"
"93",93,0.00430139770630853,0.000159937456310549,0.980122973386354,0.0136319928369095,0.000231381749828037,0.000634778724941927,0.000694843290555111,0.000222694848792561,94,"PER","Peru","Americas"
"94",94,0.00154340283749556,0.000120416303518632,0.000317666242402508,0.997297836415372,6.56639109768574e-05,0.000153576004213394,0.000302920588252115,0.000198517697769446,95,"POL","Poland","Europe"
"95",95,0.00154340283749556,0.000120416303518632,0.000317666242402508,0.997297836415372,6.56639109768574e-05,0.000153576004213394,0.000302920588252115,0.000198517697769446,96,"PRT","Portugal","Europe"
"96",96,0.000247928076262725,0.000864157538253854,0.816931319576059,0.000143370758335105,3.508495161127e-05,0.181423057242981,0.000200914602126909,0.000154167254369688,97,"PRY","Paraguay","Americas"
"97",97,0.918226262952343,0.00125270802302645,0.0009268909148807,0.0733559968622398,0.000908934799401052,0.000505973290846979,0.00372548721433724,0.0010977459429244,98,"PSE","Palestinian Territories","Asia"
"98",98,0.00303477651967527,0.00147336380293539,0.00310146340897857,0.000614396428366333,0.00891954789586978,0.000385102018581018,0.959286146549378,0.0231852033762158,99,"QAT","Qatar","Asia"
"99",99,0.00154340283749556,0.000120416303518632,0.000317666242402508,0.997297836415372,6.56639109768574e-05,0.000153576004213394,0.000302920588252115,0.000198517697769446,100,"ROU","Romania","Europe"
"100",100,0.000105644511572082,0.00022368545412853,0.000111976311764566,9.57400099223005e-05,5.09830259110862e-06,0.999349607426314,3.26182700829278e-05,7.56297136258107e-05,101,"RWA","Rwanda","Africa"
"101",101,0.100567455097034,0.0425049492004552,0.00175631046074266,0.00145725426032861,0.00366132689223897,0.000863680973884864,0.844722361851408,0.00446666126390813,102,"SAU","Saudi Arabia","Asia"
"102",102,0.360661129215751,0.0521319585728567,0.00263389152029067,0.444132991370755,0.00296279319177315,0.00183732705315274,0.129734946328175,0.00590496274724602,103,"SGP","Singapore","Asia"
"103",103,0.969821194076692,0.00134449813367486,0.000699064275044783,0.000984291158039474,0.0213036825450898,0.000284392567453334,0.00379728615028603,0.0017655910937197,104,"SLB","Solomon Islands","Oceania"
"104",104,0.000775358428571737,0.0428929462264582,0.000128488844792391,0.00030087449968192,0.00113408215167378,0.000945078827336225,0.000802581607660216,0.953020589413826,105,"SLE","Sierra Leone","Africa"
"105",105,0.561697657733298,0.0144147521470454,0.002027379818406,0.00882692043149672,0.0493229253716066,0.00159470725846027,0.0895994587451417,0.272516198494545,106,"SOM","Somalia","Africa"
"106",106,0.724901539433622,0.00124840371170849,0.220971042279418,0.0426026960702653,0.00356329440868546,0.00215799582308856,0.00251282859973803,0.00204219967347426,107,"STP","São Tomé & Príncipe","Africa"
"107",107,0.00154340283749556,0.000120416303518632,0.000317666242402508,0.997297836415372,6.56639109768574e-05,0.000153576004213394,0.000302920588252115,0.000198517697769446,108,"SVK","Slovakia","Europe"
"108",108,0.00154340283749556,0.000120416303518632,0.000317666242402508,0.997297836415372,6.56639109768574e-05,0.000153576004213394,0.000302920588252115,0.000198517697769446,109,"SVN","Slovenia","Europe"
"109",109,0.00154340283749556,0.000120416303518632,0.000317666242402508,0.997297836415372,6.56639109768574e-05,0.000153576004213394,0.000302920588252115,0.000198517697769446,110,"SWE","Sweden","Europe"
"110",110,0.0033920979238296,0.00110300608252337,0.000836897301868576,0.0628950134303622,0.344630906759861,0.000468194381365145,0.0841007669720885,0.502573117148102,111,"SWZ","Eswatini","Africa"
"111",111,0.0669620799962455,0.00086006548394974,0.0020093824418411,0.0431213143744841,0.079272928810358,0.000368079554241052,0.738509468205438,0.0688966811334424,112,"SYC","Seychelles","Africa"
"112",112,0.990576983952474,0.00137713822154247,0.00167544701240222,0.00130275580468177,0.00213349221002143,0.00046616898583893,0.00167072956444136,0.000797284248597393,113,"THA","Thailand","Asia"
"113",113,0.636469926022868,0.0083950028760619,0.011613373977678,0.0490524654480192,0.147104803689097,0.00489269853107843,0.0065151155606675,0.13595661389453,114,"TJK","Tajikistan","Asia"
"114",114,0.912913325535626,0.084129213905187,0.000362098608510438,0.00070115300168075,0.000204256352368632,0.000590632138136063,0.000723160778833672,0.000376159679656924,115,"TZA","Tanzania","Africa"
"115",115,0.215612884583463,0.165113392288248,0.0322578277984588,0.552317508523779,0.00185284503095409,0.011698600702488,0.0060757877576679,0.0150711533149414,116,"UGA","Uganda","Africa"
"116",116,0.450717226799086,0.0443226686139936,0.00541047599294207,0.427538938752815,0.00122239891615935,0.0011672377500106,0.0681020138873645,0.00151903928762896,117,"UKR","Ukraine","Europe"
"117",117,0.198901513800751,0.00129518809879983,0.00096000725526133,0.794713811488771,0.000511873954312847,0.000487391444574283,0.00200554378839288,0.00112467016913755,118,"USA","United States","Americas"
"118",118,0.106525391054588,0.00168326690225162,0.00419971281184286,0.0110451374704605,0.00572626050967377,0.000730709095913945,0.860850124021456,0.00923939813381331,119,"UZB","Uzbekistan","Asia"
"119",119,0.00121283391354494,3.74003174661361e-05,0.000225834914377746,0.000155041544932316,0.996105037886419,1.86918330564258e-05,0.00131842256302321,0.000926737027180199,120,"VNM","Vietnam","Asia"
"120",120,0.00366286558702647,0.0802435860384109,0.00256047103903877,0.0890238627001796,0.000998456611300621,0.437234290592643,0.00402858897960182,0.382247878451799,121,"VUT","Vanuatu","Oceania"
"121",121,0.853570396456145,0.00585031971685488,0.000958682442164191,0.126917680713839,0.00623431736571702,0.000758270967404991,0.00269966817410808,0.003010664163767,122,"ZAF","South Africa","Africa"
"122",122,0.335930000392689,0.00421280181117293,0.0223679156616112,0.494599237243936,0.00126793520916483,0.135029817870099,0.00338464964505748,0.00320764216627025,123,"ZMB","Zambia","Africa"
"123",123,0.433441555914002,0.00314368338757678,0.00512879896333865,0.473038592430753,0.000885044061397076,0.0813247991127859,0.00137232249909857,0.00166520363104783,124,"ZMB","Zambia","Africa"
"124",124,0.329634461098819,0.616467722515022,0.00057892415472651,0.0294144492872105,0.0195509938261417,0.000659461811218835,0.00139844453995673,0.00229554276690489,125,"ZWE","Zimbabwe","Africa"
