iso,doc_name,doc_type,X1,X2,X3,X4,X5,X6,X7,X8,X9,top_topic
AGO,AGO-revised_first_ndc-EN.html,NDC,0.008943290552342782,0.13120867524745228,0.3158612411449857,0.3506436300894317,0.025897072287453037,0.008922741250385068,0.08846652174907843,0.0022183638024725217,0.0678384638763986,4
ALB,ALB-revised_first_ndc-EN.html,NDC,3.606217512134466e-5,2.102714384273897e-4,6.643932968898974e-6,0.998645135022825,3.671891667269965e-4,1.0928553883454863e-5,2.093464927754445e-4,1.559985193906121e-5,4.988233653321723e-4,4
AND,AND-revised_first_ndc-EN_TR.html,NDC,0.042674147732519485,0.008301609854179152,0.018575333870573446,0.06318459502584929,0.0017867310924984028,0.5829828213292979,0.2772217751834317,0.0015155676331727627,0.003757418278477861,6
ARM,ARM-revised_first_ndc-EN.html,NDC,0.10233447372842451,0.2590649443931539,0.06741496802342245,0.03382588843763918,0.45353529434944906,0.005822778445438247,0.0026010705905433725,0.005968622269138925,0.06943195976279033,5
ATG,ATG-revised_first_ndc-EN.html,NDC,1.8688903425676982e-4,1.5276266739266606e-4,3.030230420011072e-4,8.528494198504871e-4,0.9970550275782456,6.863600169090128e-4,5.421202130987371e-5,2.467189832881606e-4,4.6215723674660473e-4,5
AUS,AUS-archived_revised_first_ndc-EN.html,NDC,0.005002145686512728,0.008072473911568612,0.004228854498123839,0.007913518948920737,0.06981442506129487,0.04437822034705698,0.001235750795743557,0.85460594370829,0.00474866704248842,8
AUS,AUS-revised_first_ndc-EN.html,NDC,6.15142209572373e-4,0.0010800939139642444,6.906982508586593e-4,0.0013545134114931914,0.5414325974849105,8.263347976036556e-4,1.4868461488037933e-4,0.4532984655626281,5.534697540888476e-4,5
AUT,AUT-revised_first_ndc-EN.html,NDC,1.5853582395410092e-4,2.535066294434609e-4,1.9662554056328177e-4,8.493209636220526e-4,0.997868013317903,4.494537335264218e-5,4.661988858503027e-5,3.4293125995505964e-4,2.3950120262140515e-4,5
BEL,BEL-revised_first_ndc-EN.html,NDC,1.5853582395410092e-4,2.535066294434609e-4,1.9662554056328177e-4,8.493209636220526e-4,0.997868013317903,4.494537335264218e-5,4.661988858503027e-5,3.4293125995505964e-4,2.3950120262140515e-4,5
BGD,BGD-archived_revised_first_ndc-EN.html,NDC,0.014378632083868435,0.026492789274894145,0.03056998546666955,0.015245059973977406,0.016208902272839474,0.12380669450484322,0.003161478965309831,0.69773204641831,0.07240441103928788,8
BGD,BGD-revised_first_ndc-EN.html,NDC,0.00244000326984457,0.13614934991538832,0.003608190249802201,0.13727735117622633,0.11980878551429806,0.00126225061231713,3.927097657980516e-4,0.4046663962639994,0.19439496323232594,8
BGR,BGR-revised_first_ndc-EN.html,NDC,1.5853582395410092e-4,2.535066294434609e-4,1.9662554056328177e-4,8.493209636220526e-4,0.997868013317903,4.494537335264218e-5,4.661988858503027e-5,3.4293125995505964e-4,2.3950120262140515e-4,5
BHR,BHR-revised_first_ndc-EN.html,NDC,0.003930217595163011,0.18416529384209948,0.0037885433922322897,0.37620085266709336,0.021591052664053687,0.01762163447039363,0.16138328765858828,0.2276926087927006,0.0036265089176752132,4
BIH,BIH-revised_first_ndc-EN.html,NDC,0.05793605791827313,0.18065935286344437,0.025482568061474597,0.28995841008843404,0.006906624344674154,0.24496975507041693,0.009139369683333327,0.01177796920937435,0.17316989276057498,4
BLR,BLR-revised_first_ndc-EN.html,NDC,0.3542256871244228,0.5919492523456517,0.005904709173044268,0.016954617241329576,0.0067024292968332995,0.006025402358148739,6.369425241594929e-4,0.006201171500556659,0.01139978843585396,2
BLZ,BLZ-revised_first_ndc-EN.html,NDC,0.04412209817255545,0.00404776310414373,0.0012402088129606264,0.452050392557784,0.2453720431635236,0.0010507150907399481,3.7698534258828926e-4,0.10916734358223115,0.1425724501734732,4
BRA,BRA-revised_first_ndc-EN.html,NDC,0.038801828551867416,0.005791683397844704,0.018811923167628995,0.017448139718642897,0.8812173167195781,0.0017458392774720437,7.971707274177989e-4,0.0021363116968232737,0.033249786742724725,5
BRB,BRB-revised_first_ndc-EN.html,NDC,0.003726815259787483,0.27460979277806236,0.04513727646100928,0.2865673189168069,0.2963001636544835,0.013198071671204402,0.012261001146659897,0.0547447751707826,0.013454784941203744,5
CAN,CAN-revised_first_ndc-EN.html,NDC,1.727190209440867e-4,0.00123146404802818,9.458332402488564e-4,0.0036808508314525408,0.23304078551415355,0.001144220097405017,0.02868563808974063,0.7308714887062007,2.2700045182686655e-4,8
CHE,CHE-archived_revised_first_ndc-EN.html,NDC,3.874042559067607e-4,7.597707570137618e-4,5.037886249597535e-4,0.0023129750600788526,0.9939929091837398,1.6625153144581142e-4,1.3851325358945374e-4,0.0011136036513369684,6.247836819291065e-4,5
CHE,CHE-revised_first_ndc-EN.html,NDC,3.969793240915734e-4,7.826253944174646e-4,5.170074016205256e-4,0.002378146817719505,0.9938191165044679,1.7231980250694695e-4,1.4284038366806198e-4,0.0011495007985933181,6.41463572914459e-4,5
CHL,CHL-revised_first_ndc-EN.html,NDC,5.490615704757593e-4,0.0815401826745951,0.001165963467670031,0.11892034847233925,0.025867042998757795,0.004533616635057499,0.7626504605280009,0.004193739442470047,5.795842106336482e-4,7
CHN,CHN-revised_first_ndc-EN.html,NDC,0.001279954814850754,0.7214808202554621,0.050281326297996205,0.0313737039179849,0.0025461391814427976,0.05703116689653319,7.162149891497471e-4,0.1033369050469558,0.03195376859962455,2
COG,COG-revised_first_ndc-EN_TR.html,NDC,4.954957443996347e-4,8.752725464869843e-4,7.105218305544384e-4,0.8964412552498783,8.248689807261008e-4,3.3152763655991424e-4,0.034089653159720096,1.4413459517600714e-4,0.06608727025649856,4
COL,COL-revised_first_ndc-EN_TR.html,NDC,5.2922321027515815e-5,2.6734335467030627e-4,4.981657080885354e-4,0.07880530114169347,1.275446474765076e-4,1.7386339324534583e-4,0.9187814134945341,5.331023228162042e-5,0.0012401357069828861,7
CPV,CPV-revised_first_ndc-EN.html,NDC,0.017764139428764304,0.4657215816887342,7.523788109023562e-4,0.2943565024253088,3.9652335798549837e-4,0.15319922328158628,5.414657618922669e-4,5.796400913850782e-4,0.06668854515344116,2
CRI,CRI_revised_first_ndc-EN_TR.html,NDC,0.002748067300327731,0.009391214780485031,0.12841672219410796,0.15613629308209873,0.1198166950700804,0.00757728047257289,0.5642907669594054,0.00535349864443968,0.006269461496482159,7
CRI,CRI-revised_first_ndc-EN_TR.html,NDC,4.1297065556184875e-4,9.253069670202424e-4,0.1921895454535076,0.06653300946370848,0.12362924874632845,5.209275983657543e-4,0.6143812689080419,3.007502040042389e-4,0.0011069720034613383,7
CUB,CUB-revised_first_ndc-EN_TR.html,NDC,0.0023482668545925455,0.2159018267846807,0.06023448775101435,0.34573182077504183,0.005916499634847394,0.004483101018318726,0.3452733387030322,0.0026216070726769454,0.01748905140579534,4
CYP,CYP-revised_first_ndc-EN.html,NDC,1.5853582395410092e-4,2.535066294434609e-4,1.9662554056328177e-4,8.493209636220526e-4,0.997868013317903,4.494537335264218e-5,4.661988858503027e-5,3.4293125995505964e-4,2.3950120262140515e-4,5
CZE,CZE-revised_first_ndc-EN.html,NDC,1.5853582395410092e-4,2.535066294434609e-4,1.9662554056328177e-4,8.493209636220526e-4,0.997868013317903,4.494537335264218e-5,4.661988858503027e-5,3.4293125995505964e-4,2.3950120262140515e-4,5
DEU,DEU-revised_first_ndc-EN.html,NDC,1.5853582395410092e-4,2.535066294434609e-4,1.9662554056328177e-4,8.493209636220526e-4,0.997868013317903,4.494537335264218e-5,4.661988858503027e-5,3.4293125995505964e-4,2.3950120262140515e-4,5
DNK,DNK-revised_first_ndc-EN.html,NDC,1.5853582395410092e-4,2.535066294434609e-4,1.9662554056328177e-4,8.493209636220526e-4,0.997868013317903,4.494537335264218e-5,4.661988858503027e-5,3.4293125995505964e-4,2.3950120262140515e-4,5
DOM,DOM-revised_first_ndc-EN_TR.html,NDC,0.009193110063338976,0.0029016699604481094,0.004160430804744581,0.2017351606514955,0.058343126574998294,4.0135308192550004e-4,0.7218335472569031,4.3506143223100916e-4,9.96540173914992e-4,7
ESP,ESP-revised_first_ndc-EN.html,NDC,1.5853582395410092e-4,2.535066294434609e-4,1.9662554056328177e-4,8.493209636220526e-4,0.997868013317903,4.494537335264218e-5,4.661988858503027e-5,3.4293125995505964e-4,2.3950120262140515e-4,5
EST,EST-revised_first_ndc-EN.html,NDC,1.5853582395410092e-4,2.535066294434609e-4,1.9662554056328177e-4,8.493209636220526e-4,0.997868013317903,4.494537335264218e-5,4.661988858503027e-5,3.4293125995505964e-4,2.3950120262140515e-4,5
EUU,EUU-revised_first_ndc-EN.html,NDC,1.5853582395410092e-4,2.535066294434609e-4,1.9662554056328177e-4,8.493209636220526e-4,0.997868013317903,4.494537335264218e-5,4.661988858503027e-5,3.4293125995505964e-4,2.3950120262140515e-4,5
FIN,FIN-revised_first_ndc-EN.html,NDC,1.5853582395410092e-4,2.535066294434609e-4,1.9662554056328177e-4,8.493209636220526e-4,0.997868013317903,4.494537335264218e-5,4.661988858503027e-5,3.4293125995505964e-4,2.3950120262140515e-4,5
FJI,FJI-revised_first_ndc-EN.html,NDC,0.002685031361119813,0.11151153786392252,0.0010625681132284419,0.34397296170531166,0.5215791345058868,0.001044521747111694,0.002383535223349273,0.009541178143554329,0.006219531336516006,5
FRA,FRA-revised_first_ndc-EN.html,NDC,1.5853582395410092e-4,2.535066294434609e-4,1.9662554056328177e-4,8.493209636220526e-4,0.997868013317903,4.494537335264218e-5,4.661988858503027e-5,3.4293125995505964e-4,2.3950120262140515e-4,5
GBR,GBR-revised_first_ndc-EN.html,NDC,5.761603773340736e-4,0.0027289944023580425,9.58663147693332e-4,0.002450346360149669,0.48727545336187905,0.00250985616814967,4.5566911133196656e-4,0.5023373706106603,7.07486460444162e-4,8
GEO,GEO-revised_first_ndc-EN.html,NDC,8.591419484771e-4,0.42384363249357615,1.8866851670495808e-4,0.5402573744536743,0.03067309713916135,4.306421116048538e-4,7.655852912623201e-4,5.506752524910016e-4,0.002431182793047499,4
GHA,GHA-revised_first_ndc-EN.html,NDC,0.0370256753138114,0.5577897880302358,0.006016774426882839,0.009701837647828938,0.134762243260869,7.178786134883655e-4,5.315772158111932e-5,0.018332386208855602,0.23560025877644686,2
GIN,GIN-revised_first_ndc-EN_TR.html,NDC,0.026557240357690248,0.5495150646469736,0.004475795749041456,0.25783601957438906,0.0017932795412141547,0.017017187897045944,0.04233249993000824,7.181487506762446e-4,0.09975476355296103,2
GNB,GNB-revised_first_ndc-EN.html,NDC,9.120627481966466e-4,0.24713887703253418,0.0015760462289849838,0.30468279145986893,0.2770487181778256,0.0017752802261450703,0.1633185780242399,0.0010333485089177457,0.0025142975932871963,4
GRC,GRC-revised_first_ndc-EN.html,NDC,1.5853582395410092e-4,2.535066294434609e-4,1.9662554056328177e-4,8.493209636220526e-4,0.997868013317903,4.494537335264218e-5,4.661988858503027e-5,3.4293125995505964e-4,2.3950120262140515e-4,5
HND,HND-revised_first_ndc-EN_TR.html,NDC,7.976475819995003e-5,4.429093635236793e-4,0.0019657618670912203,0.2559591478632445,0.06616005810370403,1.2298596290640334e-4,0.674734961917325,9.423521850845052e-5,4.4017494549695004e-4,7
HRV,HRV-revised_first_ndc-EN.html,NDC,1.5853582395410092e-4,2.535066294434609e-4,1.9662554056328177e-4,8.493209636220526e-4,0.997868013317903,4.494537335264218e-5,4.661988858503027e-5,3.4293125995505964e-4,2.3950120262140515e-4,5
HUN,HUN-revised_first_ndc-EN.html,NDC,1.5853582395410092e-4,2.535066294434609e-4,1.9662554056328177e-4,8.493209636220526e-4,0.997868013317903,4.494537335264218e-5,4.661988858503027e-5,3.4293125995505964e-4,2.3950120262140515e-4,5
IDN,IDN-revised_first_ndc-EN.html,NDC,0.0013502363775414724,0.16386721795378137,0.3148392396441986,0.29344010336605453,0.15554411353788578,8.321961610759699e-4,0.059647628520911156,0.0011224527417213223,0.009356811696830251,3
IRL,IRL-revised_first_ndc-EN.html,NDC,1.5853582395410092e-4,2.535066294434609e-4,1.9662554056328177e-4,8.493209636220526e-4,0.997868013317903,4.494537335264218e-5,4.661988858503027e-5,3.4293125995505964e-4,2.3950120262140515e-4,5
ISL,ISL-revised_first_ndc-EN.html,NDC,4.1999262319985267e-4,5.598619324861063e-4,4.17077305659966e-4,0.0017081265560966845,0.9952915840164124,1.2977518781674132e-4,9.890716960902433e-5,8.496839879260371e-4,5.249912207929542e-4,5
ISR,ISR-revised_first_ndc-EN.html,NDC,0.001812939353891377,0.12593047594448412,0.0031024392181991417,0.10661252994472667,0.7517699745212573,0.0018168883267345175,0.002641893346882399,0.0034156341206045574,0.0028972252232195295,5
ITA,ITA-revised_first_ndc-EN.html,NDC,1.5853582395410092e-4,2.535066294434609e-4,1.9662554056328177e-4,8.493209636220526e-4,0.997868013317903,4.494537335264218e-5,4.661988858503027e-5,3.4293125995505964e-4,2.3950120262140515e-4,5
JAM,JAM-revised_first_ndc-EN.html,NDC,0.009630116041261677,0.03421639371267426,0.009752577663164941,0.040832017598606024,0.7840484034983014,0.04966732039034267,0.04796840429254929,0.018680494757718488,0.005204272045380964,5
JOR,JOR-revised_first_ndc-EN.html,NDC,0.005979056499237184,0.09846840631892692,3.9461005662639004e-4,0.8116086080345789,0.023300471420888036,0.0030756204563468325,0.0010176397179364298,0.03235531423216007,0.023800273263298838,4
JPN,JPN-revised_first_ndc-EN.html,NDC,0.0012532534264504422,0.4974785444283538,0.07820766248020675,0.0032845981586550523,0.41319623074565026,0.0013665853900756073,0.0015452734537482167,0.002148714631500356,0.0015191372853593625,2
KEN,KEN-revised_first_ndc-EN.html,NDC,5.753649827063144e-5,3.349287040364451e-4,1.6627826770600338e-5,0.9856192463116443,0.012895693401849687,1.296502539500754e-5,2.94445872003548e-4,4.216154204732944e-5,7.263948179826383e-4,4
KGZ,KGZ-revised_first_ndc-EN.html,NDC,0.09250193703638192,0.40741450515734035,0.08840091760287946,0.3296999050077536,0.04578549913785087,6.905936130095881e-4,8.872470895369523e-4,4.954605401659486e-4,0.03412393481508144,2
KHM,KHM-revised_first_ndc-EN.html,NDC,5.6882379200340136e-5,1.4302819727378097e-5,2.0935534847786494e-5,1.220653066194738e-4,2.4847754517221886e-5,6.881369346482516e-7,8.345428749512625e-9,7.856864520953158e-6,0.9997524128582035,9
KNA,KNA-revised_first_ndc-EN.html,NDC,5.428114527296731e-4,9.756963944866735e-4,1.46862798320906e-4,0.9388285821159633,0.04453698317616259,4.758931607475746e-5,3.538199545653809e-4,1.5811427798919636e-4,0.014409540513707308,4
KOR,KOR-archived_revised_first_ndc-EN.html,NDC,9.72876470988277e-4,0.11267195833083155,0.0011098486952939206,0.005142712633954645,0.8292435572924248,0.0015552059982470651,4.5727233512748256e-4,0.047820903215018216,0.0010256650281136007,5
KOR,KOR-revised_first_ndc-EN.html,NDC,0.0014338999615548882,0.0703952966741007,0.001693435048747107,0.07409141418630741,0.7963747855773374,0.04600103149601846,0.005444411621287578,0.0023349599868742474,0.002230765447771788,5
KWT,KWT-revised_first_ndc-EN.html,NDC,0.004813985729377248,0.06662644210420612,0.0415286278364417,0.21908669905654876,0.41149093994007185,0.22178210554250685,0.022535235569861867,0.004405145812063987,0.007730818408921223,5
LAO,LAO-revised_first_ndc-EN.html,NDC,0.0755624678379078,0.011330024988843631,0.003407685943975821,0.2330974077350913,0.004240902260464527,7.932011953844467e-4,3.7035499270313946e-4,0.061839308859356804,0.6093586461862726,9
LBN,LBN-revised_first_ndc-EN.html,NDC,0.001992669174250632,0.033673578082961675,0.0021862764111314132,0.7743122429050406,0.11083859845190112,0.05291289516621464,0.005264754958432682,0.0019608844254169165,0.016858100424649823,4
LBR,LBR-revised_first_ndc-EN.html,NDC,0.01638900535493332,0.2864935792048174,4.8826591378189633e-4,0.20893523329409047,0.1000657900017023,2.0303326300912094e-4,9.044452391911542e-5,4.06694077844371e-4,0.3869279543659021,9
LCA,LCA-revised_first_ndc-EN.html,NDC,0.027658290617791532,0.006063249762573783,0.00817952966727218,0.11871503255547124,0.6376574214813505,0.0024230501539662724,9.658944879621977e-4,0.05970071611144032,0.13863681516217202,5
LKA,LKA-revised_first_ndc-EN.html,NDC,0.0028129442323564873,0.14888216258932063,0.042118554899433384,0.3517589243383774,0.024359577713400714,0.0021387181956264607,9.08280045300015e-4,0.10639876371789518,0.32062207426828976,4
LTU,LTU-revised_first_ndc-EN.html,NDC,1.5853582395410092e-4,2.535066294434609e-4,1.9662554056328177e-4,8.493209636220526e-4,0.997868013317903,4.494537335264218e-5,4.661988858503027e-5,3.4293125995505964e-4,2.3950120262140515e-4,5
LUX,LUX-revised_first_ndc-EN.html,NDC,1.5853582395410092e-4,2.535066294434609e-4,1.9662554056328177e-4,8.493209636220526e-4,0.997868013317903,4.494537335264218e-5,4.661988858503027e-5,3.4293125995505964e-4,2.3950120262140515e-4,5
LVA,LVA-revised_first_ndc-EN.html,NDC,1.5853582395410092e-4,2.535066294434609e-4,1.9662554056328177e-4,8.493209636220526e-4,0.997868013317903,4.494537335264218e-5,4.661988858503027e-5,3.4293125995505964e-4,2.3950120262140515e-4,5
MAR,MAR-revised_first_ndc-EN_TR.html,NDC,0.0020238587882283102,0.11225980869468635,0.018370108271395603,0.1908646385551374,0.053280540589550444,0.10426610181935995,0.4478653422069597,0.0016391963583850542,0.06943040471629726,7
MCO,MCO-revised_first_ndc-EN_TR.html,NDC,0.0018004090758954162,0.07340554788687996,0.0016202660475403976,0.09184607254482667,0.0012408303055612723,0.7961946224952783,0.005661107692635015,0.02163884183791076,0.0065923021134719805,6
MDA,MDA-revised_first_ndc-EN.html,NDC,2.0607674248814486e-5,1.7453939626161134e-4,3.0674957242725566e-6,0.9993069970523252,1.0476151739599239e-4,6.21040745832673e-6,1.3733174062268658e-4,7.417429345043492e-6,2.3906728661777767e-4,4
MDV,MDV-revised_first_ndc-EN.html,NDC,0.03401131331606014,0.018293584407474126,0.0012035533882030064,0.22973622158683268,0.6687159833188605,0.008899641064387767,8.841282014661128e-4,0.006083725756670908,0.03217184896004476,5
MEX,MEX-revised_first_ndc-EN.html,NDC,2.2470012951560396e-4,0.0017661251812164307,0.001021170320147395,0.2468793133932475,0.2475855534708073,8.38310022027086e-4,0.5005270520636722,3.875260135911964e-4,7.702494057752286e-4,7
MHL,MHL-revised_second_ndc-EN.html,NDC,0.005859138940774987,0.4418958896887426,0.0057261403327755235,0.03301520897989922,0.014274910182640843,0.015053704452761555,0.003055560891626515,0.47423221315376857,0.006887233377010317,8
MKD,MKD-revised_first_ndc-EN.html,NDC,0.18063410564168667,0.26946065023265325,0.0012200035791766607,0.04397567845676972,0.48980927784496536,0.002648131763771375,0.0013048686535107677,0.008937651657010449,0.0020096321704556903,5
MLT,MLT-revised_first_ndc-EN.html,NDC,1.5853582395410092e-4,2.535066294434609e-4,1.9662554056328177e-4,8.493209636220526e-4,0.997868013317903,4.494537335264218e-5,4.661988858503027e-5,3.4293125995505964e-4,2.3950120262140515e-4,5
MMR,MMR-revised_first_ndc-EN.html,NDC,5.676648238817288e-4,0.667977749433672,3.763962413658298e-4,0.016958837242172363,0.009081308769381454,6.17420753734399e-5,1.59094598277955e-5,1.9570020734683614e-4,0.3047646917469785,2
MNE,MNE-revised_first_ndc-EN.html,NDC,0.10778322218052101,0.009634429412772065,0.012230214820896021,0.45322542228032536,0.20667564818851733,0.19188852371156687,0.005113836861317648,0.0044108581519803035,0.009037844392103634,4
MNG,MNG-revised_first_ndc-EN.html,NDC,0.0034977843540562807,0.010200860162898107,7.451440176127857e-4,0.809587314360164,0.003865614520558794,0.08451600644323806,0.004681669513065143,0.0786540074108812,0.004251599217525291,4
MUS,MUS-revised_first_ndc-EN.html,NDC,0.002081608241627271,0.011413653489573504,0.0986489202843513,0.31065229112953374,0.406470494567861,2.7869121382520973e-4,0.0010542793567863617,6.652376801943255e-4,0.16873482403624745,5
MWI,MWI-revised_first_ndc-EN.html,NDC,0.30363896085227154,1.984338681092224e-4,0.0045878987430283714,6.309932502863079e-4,6.799298735914264e-4,6.653461344051717e-5,9.217830202991033e-7,9.25875122396045e-5,0.6901037395040127,9
MYS,MYS-revised_first_ndc-EN.html,NDC,0.0022125319821168924,0.022243437947564063,0.0019196621563240435,0.3221705902660672,0.5840052796398604,9.999668176066904e-4,0.0013585264033598504,0.003774683292589607,0.06131532149451123,5
NAM,NAM-revised_first_ndc-EN.html,NDC,0.05353795743761597,0.10948131898028987,0.0014623418960272839,0.30532055058315016,0.017749186822303985,0.0030412049811437063,0.056458874119760645,0.006903281515645656,0.4460452836640627,9
NIC,NIC-revised_first_ndc-EN_TR.html,NDC,7.957623724123406e-4,0.006196269928111341,0.40454179118083994,0.1753924811925099,0.0035439214769574074,8.225991900564777e-4,0.40588868826425795,5.208128826985638e-4,0.0022976735121561036,7
NLD,NLD-revised_first_ndc-EN.html,NDC,1.5853582395410092e-4,2.535066294434609e-4,1.9662554056328177e-4,8.493209636220526e-4,0.997868013317903,4.494537335264218e-5,4.661988858503027e-5,3.4293125995505964e-4,2.3950120262140515e-4,5
NOR,NOR-revised_first_ndc-EN.html,NDC,0.008540226617100292,0.06189845265266564,0.0018381290493085214,0.011152274338839521,0.9049970126569604,0.0033396695444549993,6.875011819356266e-4,0.004442293841724147,0.0031044401170105254,5
NZL,NZL-revised_first_ndc-EN.html,NDC,0.012082284623702193,0.005270590581658744,0.003428878505408113,0.008309987348056385,0.3784611817285035,0.0035654323717951575,5.214815422795012e-4,0.5837758805270036,0.004584282771592272,8
PAN,PAN-revised_first_ndc-EN_TR.html,NDC,1.752837630119126e-4,6.951021781551798e-4,0.006461240011169946,0.2765044027330827,0.06522652586041314,2.2323438204684733e-4,0.6498165599940682,1.6471745255061242e-4,7.329336255018145e-4,7
PER,PER-revised_first_ndc-EN_TR.html,NDC,1.2441498243946758e-4,0.001168729019045047,0.0021245815784803946,0.05299591840895111,0.008888808787439188,6.804949156951709e-4,0.9334238096519315,3.013848799949653e-4,2.918577760226732e-4,7
POL,POL-revised_first_ndc-EN.html,NDC,1.5853582395410092e-4,2.535066294434609e-4,1.9662554056328177e-4,8.493209636220526e-4,0.997868013317903,4.494537335264218e-5,4.661988858503027e-5,3.4293125995505964e-4,2.3950120262140515e-4,5
PRT,PRT-revised_first_ndc-EN.html,NDC,1.5853582395410092e-4,2.535066294434609e-4,1.9662554056328177e-4,8.493209636220526e-4,0.997868013317903,4.494537335264218e-5,4.661988858503027e-5,3.4293125995505964e-4,2.3950120262140515e-4,5
PRY,PRY-revised_first_ndc-EN_TR.html,NDC,5.7076627363019025e-5,1.2701474515258173e-4,0.863774930408917,3.348278732640577e-4,1.6962942310605006e-4,1.5743557847213742e-4,0.13519140186333362,6.832286422832415e-5,1.1936061616304657e-4,3
PSE,PSE-revised_first_ndc-EN.html,NDC,0.0016142735944818549,0.0021473414470498855,6.476224476074528e-4,0.38874438467600475,0.28152695965221136,0.08145375785288705,6.677362420594399e-4,0.1610979409558946,0.0820999831318037,4
QAT,QAT-revised_first_ndc-EN.html,NDC,0.004470263344152096,0.29061011245888546,0.013385472824156678,0.05893938537712068,0.00454141668349068,0.1480747324914078,0.01290784595948801,0.4617613288713118,0.005309441989986431,8
ROU,ROU-revised_first_ndc-EN.html,NDC,1.5853582395410092e-4,2.535066294434609e-4,1.9662554056328177e-4,8.493209636220526e-4,0.997868013317903,4.494537335264218e-5,4.661988858503027e-5,3.4293125995505964e-4,2.3950120262140515e-4,5
RWA,RWA-revised_first_ndc-EN.html,NDC,0.393028821177743,5.102484231957883e-4,0.0012968796737388246,0.11191561392400359,0.0015086160914675976,1.657686873294691e-4,3.551818940552764e-5,1.895025249390334e-4,0.4913490313081771,9
SAU,SAU-revised_first_ndc-EN.html,NDC,0.0016882855086332697,0.02876950934975667,0.0010188601891616435,0.33372950749669567,0.0025319273276863353,0.00623027730141917,0.003133697571579101,0.6163739969830112,0.0065239382720567755,8
SGP,SGP-revised_first_ndc-EN.html,NDC,0.0027867238308478285,0.005073176195143651,0.0015042857278643592,0.015139150924071658,0.5545998015108801,0.0015791469802515262,4.992778627304771e-4,0.41520351244178333,0.0036149245264270637,5
SLB,SLB-revised_first_ndc-EN.html,NDC,0.015936130810246925,0.34105462316579915,6.284309317269742e-4,0.44596345368350904,0.08659051920396893,0.0010353423238723715,9.263039585468801e-4,0.09598927291842677,0.01187592300390262,4
SLE,SLE-revised_first_ndc-EN.html,NDC,9.19194546418782e-5,1.8384282553935373e-4,2.4902143398541403e-5,0.9885119321551767,1.5323894357027458e-4,7.433562095392289e-4,1.1445053799145973e-4,5.092588986298593e-5,0.010125431840279326,4
SOM,SOM-revised_first_ndc-EN.html,NDC,9.194208251822523e-4,0.0708506643463882,2.3813037354621086e-4,0.842803100949606,0.07966935644009326,2.2942458168355133e-4,9.844010110510134e-4,6.167308722900043e-4,0.0036887706001592505,4
STP,STP-revised_first_ndc-EN.html,NDC,0.011054153657423802,0.1808746055375399,0.03689664989914361,0.1949872515203973,0.2764581175760391,0.06573962095246168,0.15942688048820206,0.0040681858042627824,0.07049453456452993,5
SVK,SVK-revised_first_ndc-EN.html,NDC,1.5853582395410092e-4,2.535066294434609e-4,1.9662554056328177e-4,8.493209636220526e-4,0.997868013317903,4.494537335264218e-5,4.661988858503027e-5,3.4293125995505964e-4,2.3950120262140515e-4,5
SVN,SVN-revised_first_ndc-EN.html,NDC,1.5853582395410092e-4,2.535066294434609e-4,1.9662554056328177e-4,8.493209636220526e-4,0.997868013317903,4.494537335264218e-5,4.661988858503027e-5,3.4293125995505964e-4,2.3950120262140515e-4,5
SWE,SWE-revised_first_ndc-EN.html,NDC,1.5853582395410092e-4,2.535066294434609e-4,1.9662554056328177e-4,8.493209636220526e-4,0.997868013317903,4.494537335264218e-5,4.661988858503027e-5,3.4293125995505964e-4,2.3950120262140515e-4,5
SWZ,SWZ-revised_first_ndc-EN.html,NDC,6.243591406579508e-4,7.925913337398413e-4,2.9276616688447246e-4,0.3701803836574356,0.11538227948700977,3.0320973570897187e-5,7.565079080385658e-5,2.569807136713282e-4,0.5123646677362264,9
SYC,SYC-revised_first_ndc-EN.html,NDC,4.8754140201981173e-4,0.0012961014424079877,3.6287860024468053e-4,0.779080681059588,0.13347774688688038,0.0017271061697243396,0.0014213693400612854,0.05820850520898568,0.02393806989008761,4
THA,THA-revised_first_ndc-EN.html,NDC,9.299754168240949e-4,0.17461804998545039,3.169688366423503e-4,0.8128187285497902,0.003954979515578654,6.544945153033348e-4,0.0023209962600787043,8.025753874011099e-4,0.00358323153293098,4
TJK,TJK-revised_first_ndc-EN.html,NDC,0.07683166849036412,0.156609718872534,0.001121763456024,0.537634692627927,0.08467914440558687,0.06299732229240053,0.004299965645410998,0.0011980426808046172,0.07462768152894782,4
TZA,TZA-revised_first_ndc-EN.html,NDC,0.001684487781929643,0.8270462874372496,0.0011368973511125986,0.1536296206437862,0.008587690378528572,6.993573535572741e-4,0.0030652217062949964,7.550292256457796e-4,0.0033954081218957725,2
UGA,UGA-revised_first_ndc-EN.html,NDC,0.004149360121549558,0.004281834692385433,0.024554098058959004,0.02433743811494395,0.7576752565406563,5.429866575243085e-4,4.781107231989476e-4,0.0018703684367937525,0.18211054665398874,5
UKR,UKR-revised_first_ndc-EN.html,NDC,0.001610898210013135,0.5613933836504179,9.80037491260138e-4,0.02801574444963586,0.3808072506577916,0.021616332163379593,0.002727660741888889,0.001651397839245371,0.0011972947963676845,2
USA,USA-revised_first_ndc-EN.html,NDC,0.0010545840913432788,0.010445284234550226,0.010021322870220166,0.0026288642522256374,0.9136503889920559,0.0010424058537883407,7.699872931974765e-4,0.059203871756579124,0.0011832906560402287,5
UZB,UZB-revised_first_ndc-EN.html,NDC,0.0010063887957111846,0.3292404532867451,3.001681360011259e-4,0.6611261111214151,0.0013759980083662196,8.006013073096258e-4,0.0029397434196130417,5.012337120664422e-4,0.002709302212772304,4
VNM,VNM-revised_first_ndc-EN.html,NDC,7.157711202636098e-4,0.4793768286305123,1.895153257359234e-4,0.44495237045565705,4.303955187004933e-4,1.9440596892024724e-4,1.992805470275841e-4,2.0445418601601606e-4,0.07373697824716663,2
VUT,VUT-revised_first_ndc-EN.html,NDC,0.025934761554903252,0.0011715128635493067,0.020345831861989974,0.005391376810974327,0.12420925842351277,5.921741532838453e-4,3.523405590161439e-5,0.0016736412826272146,0.8206462089932578,9
ZAF,ZAF-revised_first_ndc-EN.html,NDC,0.001790514418184608,0.06985079519286355,8.315795059671402e-4,0.21038563422330903,0.5022446795387626,9.77510221682287e-4,0.0026944291457618513,0.2070233031138641,0.0042015546396049165,5
ZMB,ZMB-archived_revised_first_ndc-EN.html,NDC,8.238407555668839e-4,0.0017045302374533585,6.621341887866249e-4,0.05453702535137022,0.9347853861426507,1.6989841273877773e-4,5.983274976844942e-4,7.583904019990427e-4,0.005960467011749761,5
ZMB,ZMB-revised_first_ndc-EN.html,NDC,0.06987187989255039,0.003391821577644249,0.001491467626612867,0.07335675272273728,0.8302675608578927,5.672299178263953e-4,4.773600556797671e-4,0.0010903947357758755,0.01948553261328053,5
ZWE,ZWE-revised_first_ndc-EN.html,NDC,0.2994877827289194,0.14028924960526018,0.07912012727943188,0.0997011440294521,0.10666303110863382,9.413953730787554e-4,3.7074359566642107e-4,0.0029633362303598887,0.2704631900491974,1
MHL,180924 rmi 2050 climate strategy final_0.txt,LTS,0.040066265466144224,0.0021148784926027994,0.00435477671617184,0.3338145704615826,0.4409467670047493,4.5964522443095766e-4,0.0010619252463470981,0.1683243731568261,0.008856798231145427,5
MHL,180924 RMI press release 2050 Strategy FINAL.txt,LTS,0.00376706145659228,0.006792269739024457,0.006125171824501776,0.007536485387134406,0.3583530962559696,0.0062663685035764,0.0012952641338338526,0.6066424096975396,0.0032218730018275118,8
FRA,2020-02-19_lts_be_fr_TRANSLATED.txt,LTS,8.284747532489625e-5,7.161192150132211e-4,5.5228655098932e-4,6.502301912782857e-4,1.4476245023931916e-4,0.8599515731992065,0.1271554976782619,0.010725124027321748,2.1559212364152442e-5,6
AND,AND_LTS_Nov2021.txt,LTS,0.007121484443555922,9.872727467755845e-4,0.00207665289114398,0.049016290134165516,0.014093794096529413,0.8407548131842576,0.04496243016569706,5.783019126542728e-4,0.04040896042522062,6
BEL,Australias_LTS_WEB.txt,LTS,6.707178021181961e-5,2.951120834525246e-4,1.2588111205891734e-4,1.402009858658217e-4,2.878717182394135e-4,3.67708767415459e-4,2.7462926458205958e-5,0.9985877541484015,1.0093647789701962e-4,8
BEN,benin_long-term_strategy_TRANSLATED.txt,LTS,0.021139665576438205,0.7649591242110656,5.644277119626594e-4,0.20696709841415017,4.375416752533706e-4,3.2917424059352324e-4,0.0012463939046768856,1.6269936476578906e-4,0.004193874901094112,2
CAN,Canada's Mid-Century Long-Term Low-GHG Strategy.txt,LTS,1.6336447551869301e-4,0.0011912347159343526,0.003019193142560874,3.3235821056880625e-4,6.822845315852067e-4,0.13247261511324665,0.007495442413534411,0.8545620216372805,8.148575977057448e-5,8
CHN,China s Mid-Century Long-Term Low Greenhouse Gas Emission Development Strategy.txt,LTS,0.002163606581913966,0.4669700249903051,0.11307062368745426,0.0017248693111405033,0.003447073354804009,0.2023003047385698,0.0028931766088515637,0.20604560469599373,0.0013847160309667195,2
CHL,CHL_LTS_2021_TRANSLATED.txt,LTS,1.340965133653572e-5,1.6207070238138287e-4,1.7864978940873867e-4,0.03838813602254268,2.786755601652169e-4,1.868567384118882e-4,0.9606916492636951,5.080465842798307e-5,4.9747613630484434e-5,7
GBR,clean-growth-strategy-amended-april-2018.txt,LTS,4.248537079782261e-5,8.010347693624109e-4,1.613463771883927e-4,1.550013790798669e-4,1.5716929080603526e-4,5.823195683015955e-4,4.7437418450427564e-4,0.9975873513018666,3.8917758093603375e-5,8
DNK,ClimateProgramme2020-Denmarks-LTS-under-the ParisAgreement_December2020_.txt,LTS,1.3000520224421575e-4,0.0025813457836470163,4.6767457625491126e-4,4.507542372131981e-4,0.0018044541153576037,0.33117579987154694,0.030062384868021347,0.6332901210104709,3.746033524351468e-5,8
COL,COL_LTS_Nov2021_TRANSLATED.txt,LTS,1.844391397125703e-5,7.686266034546814e-5,0.0019503332064611104,4.2693170320213077e-4,7.552850287512041e-5,2.0220629736320475e-4,0.9969738344601832,6.957007789306304e-5,2.0628917770524103e-4,7
CZE,cze_climate_protection_policy_summary.txt,LTS,0.0042604829395281735,0.008228197789793348,0.6452045781493639,0.004300975138410731,0.005971487004425478,0.2943874980020259,0.02124557307033994,0.012468376894218097,0.003932831011894805,3
FRA,en_SNBC-2_complete.txt,LTS,0.01126279091173324,4.0774786458239995e-4,6.485965478641125e-4,3.434160380655647e-4,0.010832742036990516,0.9755532550933608,1.6255176136636143e-4,5.058474952244725e-4,2.8305225081174285e-4,6
FRA,en_SNBC-2_summary_4-pages.txt,LTS,0.002249298482254667,0.005289310756162337,0.004025119181066168,0.004149152846268871,0.006023773808231181,0.9640692034650711,0.004620432637111081,0.00848145432612097,0.0010922544977133952,6
FRA,en_SNBC-2_summary_compl.txt,LTS,3.5756430933597165e-4,0.0010810721011057052,5.55025629185037e-4,5.518595470007706e-4,2.3420278599689518e-4,0.9941188471184946,0.0010936435084900095,0.0018881685227002485,1.1961647769121826e-4,6
FJI,Fiji_Low Emission Development  Strategy 2018 - 2050.txt,LTS,0.02237713853550307,7.907504082883555e-4,0.08454143256354013,0.06806003036123347,0.05653583476616085,3.4092494258387986e-4,2.1192759969250165e-4,0.6674965909337416,0.0996453698892563,8
HRV,HR-03-06-2020 EU Submission on Long term strategy.txt,LTS,0.08698479618860433,0.012984604356067126,0.014181972290703782,0.00568917436360197,0.3462495466960766,0.27828772667770985,0.0026090018735200776,0.24906491897014305,0.0039482585835730845,5
ISL,Iceland_LTS1_2021.txt,LTS,0.054019865183110735,0.11648144673983624,0.01169440848254458,0.01226596434342309,0.028528125386127267,0.5462536162267583,0.0015671075046339634,0.20243050045323965,0.026758965680326225,6
IND,Indonesia_LTS-LCCR_2021.txt,LTS,6.145888651282867e-4,2.661829773213534e-4,0.9358027213379311,7.266754140881742e-4,0.001244893785360089,1.7329176368982444e-4,1.2830023444545356e-4,3.354384616033985e-4,0.060707907160432256,3
JPN,Japan_LTS2021.txt,LTS,1.979704376671754e-4,0.9096838547540228,1.7491213306488381e-4,3.323416446649747e-4,9.429079104259865e-5,0.087393580524135,1.7327414689361883e-4,0.0018662418848223853,8.353368368665827e-5,2
KHM,KHM_LTS_Dec2021.txt,LTS,0.019333345471311693,0.0019288254127036906,0.20498576220271492,0.009702619863057193,0.00990980506152876,0.09613895936522707,7.407631309033838e-4,0.33185038530969274,0.32540953418286056,8
DEU,Klimaschutzplan_2050_eng_bf.txt,LTS,0.0010374423453833196,0.04106769051837466,0.011313448721826254,0.0016564369432311122,9.969111349683716e-4,0.6437808742706919,0.02028865802015084,0.2794392753241905,4.192627211830341e-4,6
SVK,LTS SK eng.txt,LTS,0.1262632565406289,0.013025891428342444,0.10138278404066908,0.01725247532257087,0.01084052701738013,0.7086707725335724,0.002829165524589653,0.006238097157896464,0.01349703043435009,6
HUN,LTS_1_Hungary_2021_EN.txt,LTS,0.012549961668384093,0.33669582647180746,0.004564965161524532,0.0018337300029034145,5.633355922188595e-4,0.5140812021219903,0.0055996432067646615,0.12367267271790792,4.3866305649896533e-4,6
BEL,LTS_BE_EN_summary.txt,LTS,0.0014821890198857294,0.043394042298297894,0.003553841115563514,0.006534788866138677,0.0026081207626518425,0.814623994356355,0.043201361990667694,0.08393969076835962,6.619708220796418e-4,6
FIN,LTS_Finland_Oct2020.txt,LTS,0.0029602048045167828,0.012535005031914022,0.0034294847607184713,0.07677931369873975,0.0022177420132543277,0.785548216955182,0.0046481022425830165,0.09765126196342377,0.014230668529667893,6
AUT,LTS1_Austria.txt,LTS,6.531167986424092e-4,9.727050448110391e-4,0.002784024921201055,2.827622362431534e-4,3.5871696007922817e-4,0.8642400891958083,4.8450741941240093e-4,0.12999720591614258,2.2687150765935131e-4,6
GTM,LTS1_Guatemala_TRANSLATED.txt,LTS,0.0015644419719003683,0.0073689606907442265,0.5052879767400943,0.005188261903038964,0.005553143459606887,0.01629638716304379,0.3605455333268659,0.09655516408312262,0.001640130661583043,3
LVA,LTS1_Latvia.txt,LTS,0.0010693683336326148,9.481796035619612e-4,0.30795516065076745,1.752195796779604e-4,3.4133702977464097e-4,0.6875893461989392,7.742846906396989e-4,7.661091115650215e-4,3.809948014416692e-4,6
NLD,LTS1_Netherlands.txt,LTS,9.273057728044424e-4,0.017463849754406357,0.002835265218776317,0.00228907911404623,0.002215034755947441,0.6987255920057327,0.036684487880505476,0.23858757909614883,2.7180640163282057e-4,6
NOR,LTS1_Norway_Oct2020.txt,LTS,8.658744071634787e-4,0.0607272460840261,0.0027611921798556473,0.006786828758136111,0.0035276036970937224,0.6677984511984844,0.005890608555961234,0.25095011417853796,6.92080940741585e-4,6
KOR,LTS1_RKorea.txt,LTS,6.769832701854975e-4,0.29945661158849196,0.0013030809829391273,0.0035354881963804096,0.009433694747139872,0.21326464482655316,0.021031491895464337,0.45100529829708963,2.9270619575657404e-4,8
SVN,LTS1_SLOVENIA_EN.txt,LTS,0.004670422128141655,0.0018660433071308392,0.003467332232556303,0.05610355929350005,0.01107459889732134,0.919164863637368,0.001457562543864737,7.294777377444772e-4,0.0014661402223725814,6
ESP,LTS1_Spain_Annexes_TRANSLATED.txt,LTS,2.586144588599378e-4,0.0017866929745170893,9.153652886660726e-4,0.0461107507889824,2.332541302525317e-4,0.7402668080755985,0.20947550012250093,6.958340249386257e-4,2.57180135683922e-4,6
SWE,LTS1_Sweden.txt,LTS,0.003259466362282589,0.0018790814255419497,0.003935297375863514,0.0011907292524613003,0.06681946939822497,0.6916136985145928,7.536759590833467e-4,0.22906609868664715,0.0014824830253021648,6
CHE,LTS1_Switzerland.txt,LTS,6.399715240419327e-4,0.0014486035274092184,0.014342556597795294,3.2476177018676947e-4,7.382827585766213e-4,0.482306656293482,9.523172045696283e-4,0.4989439844632099,3.0286586072895483e-4,8
LUX,LUX_LTS_2021_TRANSLATED.txt,LTS,2.1418961790798798e-4,0.0030517732637483238,0.007847284754728923,9.940364604560882e-4,4.6193003465218123e-4,0.8262978644055122,0.15868777092563863,0.002369616943902094,7.553359345344109e-5,6
MAR,MAR_LTS_Dec2021_TRANSLATED.txt,LTS,3.10347853287267e-4,0.06708133226220113,0.045871359781875544,6.895217598308505e-4,1.267633824106202e-4,0.3827975580725075,0.501370629988862,0.0016835137476316295,6.89731513937492e-5,7
MEX,mexico_mcs_final_cop22nov16_red.txt,LTS,0.04068266858574395,0.03645124863646661,0.002599552440927329,0.11978125279308227,0.0039612892771250605,0.0034571400411724422,0.6932609853626935,0.09871167031772905,0.0010941925450597236,7
MKD,MKD_LTS_Nov2021.txt,LTS,0.999738610820935,3.719556586145059e-5,2.0501516908633534e-5,2.320308030549312e-5,3.905986072926528e-5,3.447481056014723e-5,1.6666423173624703e-7,1.55510024073135e-5,9.123667806147405e-5,1
MLT,MLT_LTS_Nov2021.txt,LTS,0.0011156547793194456,0.001320888541506825,8.346204348700038e-4,0.21963772126850878,0.005174882437724224,0.4348651092356684,5.696807929996756e-4,0.27252427665205753,0.06395716585734487,6
FRA,National_Low_Carbon_Strategy_v2_EN.txt,LTS,7.874546571227506e-5,2.2416040686167225e-4,9.197541571581273e-5,7.253094756245504e-5,5.045510700236922e-5,0.9985137435399405,1.5503928233481765e-4,7.958860297720007e-4,1.7463805097727576e-5,6
CRI,NationalDecarbonizationPlan.txt,LTS,4.1461241672465055e-5,3.719741318694464e-5,0.9995285888757933,1.4289147713322251e-5,6.73769786180003e-5,7.233383840838727e-5,1.175044748977998e-4,5.348628427087815e-5,6.77617454381208e-5,3
NPL,NepalLTLEDS.txt,LTS,0.010425820455826988,0.5233565586350051,0.02590660540683384,0.23660256484737108,0.0627947253800223,8.147668665850422e-4,0.0012151640647331784,0.003683617952951233,0.1352001763906712,2
NGA,Nigeria_LTS1.txt,LTS,0.0011042487792714876,0.15600523703879005,0.003030909512925687,0.22700624145087925,0.0612191582505902,0.04347465272649628,0.21693364066134377,0.27938900655869964,0.011836905021003418,8
NZL,NZL_LTS_2021.txt,LTS,2.7003031630086266e-4,9.565567144243567e-4,4.830712711093415e-4,0.0010166714331512863,7.06917947973003e-4,0.001382967930004118,1.5857674441601698e-4,0.9945089046596371,5.163029829834912e-4,8
PRT,RNC2050_EN_PT Long Term Strategy.txt,LTS,4.705421843238949e-5,1.0956208054113948e-4,7.473836806012126e-5,3.864051777397804e-5,1.805029501355199e-5,0.9993520149480964,1.239258655704227e-4,2.267667704665536e-4,9.246936045271163e-6,6
SGP,SingaporeLongtermlowemissionsdevelopmentstrategy.txt,LTS,3.3422483572798474e-4,0.01014420005794831,0.0011824025830434238,0.019082946983242175,4.7898977684367324e-4,7.663956801986752e-4,3.292668761450229e-4,0.9638174111039323,0.0038641621029187473,8
ZAF,South Africa's Low Emission Development Strategy.txt,LTS,0.028415867386557946,0.0020583796815531945,0.15325714815643393,0.0031084833835092816,0.02381289400451177,0.0016769231035504185,8.636449798924613e-4,0.7829941664355394,0.003812492868451359,8
THA,Thailand_LTS1.txt,LTS,0.004869010236177431,0.14740143506684228,0.22719312221955346,0.08161388592983994,0.03471879588601909,0.025194922811522285,0.008644591232686783,0.4382990116734927,0.032065224943865996,8
