iso,doc_name,doc_type,X1,X2,X3,X4,X5,X6,X7,X8,X9,top_topic
AGO,AGO-revised_first_ndc-EN.html,NDC,0.11676446218012787,0.3727688663618231,0.2668392090506032,0.02220627195042593,0.008725303999298918,0.03764491824002315,0.13862369583836182,0.004915161739791105,0.03151211063954473,2
ALB,ALB-revised_first_ndc-EN.html,NDC,0.0015905142408073774,0.8465226740545394,1.0624800195043232e-4,0.06805563062324264,0.008727091976180648,1.5967713147854048e-4,3.9795535888682837e-4,1.0301514825865596e-4,0.0743371934646554,2
AND,AND-revised_first_ndc-EN_TR.html,NDC,0.010286206324336277,0.023456695433105156,0.008114355997076095,0.0034524076568565364,0.042464585952074446,0.5800235338262123,0.3295669087150163,0.0015955372481962769,0.0010397688471264445,6
ARM,ARM-revised_first_ndc-EN.html,NDC,0.08030478675605911,0.008264162776041695,0.1136357251039418,0.647409883589635,0.08829288966792244,0.003363795544591615,0.005730414183856988,0.008858353672519527,0.0441399887054318,4
ATG,ATG-revised_first_ndc-EN.html,NDC,0.7952001397452381,5.51995371447379e-4,3.4554307274368425e-4,0.03772912735224888,3.058250433175247e-4,7.618214826810905e-4,3.591889036356891e-5,0.034997460866149147,0.13007216817581055,1
AUS,AUS-archived_revised_first_ndc-EN.html,NDC,0.02510210867219805,0.017648248902006513,0.005132395620243922,0.07244624018369411,0.00815529336906925,0.01936806368112919,0.0014355507659450455,0.8460092854551694,0.004702813350544064,8
AUS,AUS-revised_first_ndc-EN.html,NDC,0.04164578165788722,0.001027736729353635,6.949949986490713e-4,0.5249233369631696,0.0018571235812673106,4.435790898119798e-4,2.718323725735135e-4,0.4282257100813452,9.099045259422275e-4,4
AUT,AUT-revised_first_ndc-EN.html,NDC,2.7383714489077584e-4,3.9151623920574084e-4,5.957778681645651e-5,0.9977939317755449,3.4641409919779247e-4,8.301009701911233e-6,3.4535451715317095e-4,3.4428415238262116e-4,4.367832751068617e-4,4
BEL,BEL-revised_first_ndc-EN.html,NDC,2.7383714489077584e-4,3.9151623920574084e-4,5.957778681645651e-5,0.9977939317755449,3.4641409919779247e-4,8.301009701911233e-6,3.4535451715317095e-4,3.4428415238262116e-4,4.367832751068617e-4,4
BGD,BGD-archived_revised_first_ndc-EN.html,NDC,0.004836051267210755,0.39377886993310546,0.016485479325782867,0.014874454224126855,0.0059131821433928,0.03086951733054895,0.005157067077741751,0.5220111312133218,0.00607424748476875,8
BGD,BGD-revised_first_ndc-EN.html,NDC,0.007109082587611446,0.8019493423989995,5.748102607552794e-4,0.09249588025993459,0.0014262062660014053,9.553968796012787e-4,5.667412306326901e-4,0.0636175331595678,0.03130500695689588,2
BGR,BGR-revised_first_ndc-EN.html,NDC,2.7383714489077584e-4,3.9151623920574084e-4,5.957778681645651e-5,0.9977939317755449,3.4641409919779247e-4,8.301009701911233e-6,3.4535451715317095e-4,3.4428415238262116e-4,4.367832751068617e-4,4
BHR,BHR-revised_first_ndc-EN.html,NDC,0.006890398229015094,0.2837430142251249,0.006006947577348859,0.11626763249556417,0.03698762175632359,0.015286116787230603,0.21683533258428195,0.31543082707413245,0.002552109270978099,8
BIH,BIH-revised_first_ndc-EN.html,NDC,0.017851431239414718,0.3884414325279434,0.008386089466527885,0.07397887120234607,0.05017029646825564,0.3069099117669766,0.013945867744758866,0.02171685929145516,0.1185992402923217,2
BLR,BLR-revised_first_ndc-EN.html,NDC,0.3601662234592421,0.07995621311534203,0.00690508108884534,0.16023161357731966,0.35461370098608863,0.005913377675804565,0.0021532793897599397,0.021273241498730344,0.008787269208867785,1
BLZ,BLZ-revised_first_ndc-EN.html,NDC,0.027469845949965807,0.6465977069125366,3.166052230469993e-4,0.18881151249725397,0.02781522942204248,5.941113362132497e-4,4.672954437254551e-4,0.0017896415207468248,0.1061380516944688,2
BRA,BRA-revised_first_ndc-EN.html,NDC,0.09845506313958542,0.09027398957099006,0.0010933447197193568,0.7852125746033921,0.007288795065386756,6.050895421458019e-4,0.005322300835276879,0.0030725903797780693,0.008676252143725211,4
BRB,BRB-revised_first_ndc-EN.html,NDC,0.1661390095072263,0.6427231454755192,0.010681688112319227,0.10322896701857798,0.0035210002946633066,0.01946001445169314,0.02180609621358761,0.028477143041802794,0.00396293588461086,2
CAN,CAN-revised_first_ndc-EN.html,NDC,6.020707145068928e-4,8.264114153416466e-4,5.343578553078075e-4,0.23321134993214412,4.634409203308938e-4,3.272966516213599e-4,4.7974185052842417e-4,0.7628732070630724,6.821235971468454e-4,8
CHE,CHE-archived_revised_first_ndc-EN.html,NDC,6.097760362807503e-4,9.551075267540508e-4,1.873378044591332e-4,0.9944674076310768,7.710952590382667e-4,4.050114067294955e-5,8.315130075613626e-4,0.0012246020851155843,9.126595090408898e-4,4
CHE,CHE-revised_first_ndc-EN.html,NDC,6.231606723857886e-4,9.792778064639297e-4,1.935111048897403e-4,0.9943200352754499,7.890239677747958e-4,4.2526125655013385e-5,8.532079167984902e-4,0.00127052014964522,9.287369809371937e-4,4
CHL,CHL-revised_first_ndc-EN.html,NDC,6.365231849112454e-4,0.009619850742730257,0.001711559699173342,0.15335415599311325,0.0021298553996390024,0.003257432944047189,0.759708189825495,0.06903615667385697,5.46275537033592e-4,7
CHN,CHN-revised_first_ndc-EN.html,NDC,0.0010832995352894911,0.16977298319128925,0.2584052401118123,0.010759000413467352,0.0015920457181740643,0.010864043191884885,0.0013767386046364654,0.5173637222723781,0.028782926961068038,8
COG,COG-revised_first_ndc-EN_TR.html,NDC,0.013470057060396435,0.7008295981274048,3.811723360468466e-4,0.10932028880271194,0.0016858350499723042,2.458535703039442e-4,0.04101274091609042,1.8796919159856922e-4,0.13286648494547482,2
COL,COL-revised_first_ndc-EN_TR.html,NDC,3.18965504230884e-5,3.6260324054474804e-4,3.0928328578894805e-4,9.544292159494996e-4,3.2417158107456745e-5,1.25092585880141e-4,0.9975868135230491,1.6889021534700964e-5,5.805754187226547e-4,7
CPV,CPV-revised_first_ndc-EN.html,NDC,0.002954162074266219,0.8169153211757598,1.9436390367913225e-4,1.9261165622203605e-4,0.006813315809717277,0.1711147148959216,2.896844178478584e-4,4.869527584682078e-4,0.0010388733081179448,2
CRI,CRI_revised_first_ndc-EN_TR.html,NDC,0.002957079696242615,0.012460400230671735,0.11795211360487479,0.3683167213481558,0.006034773099582516,0.004795666861394359,0.47534576088272124,0.007212541231540508,0.004924943044816153,7
CRI,CRI-revised_first_ndc-EN_TR.html,NDC,2.863752665722027e-4,9.622373545357934e-4,0.1491036960102996,0.28030468350022886,0.004643806354669797,5.91143029571707e-4,0.5627720167772451,5.937072920163912e-4,7.423344148606895e-4,7
CUB,CUB-revised_first_ndc-EN_TR.html,NDC,0.0017419688128709307,0.43458381484143543,0.08515392437750796,0.04741589327484655,0.0040760376354940795,0.0036533685036923597,0.4022435072512789,0.0027697153089598432,0.018361769993913736,2
CYP,CYP-revised_first_ndc-EN.html,NDC,2.7383714489077584e-4,3.9151623920574084e-4,5.957778681645651e-5,0.9977939317755449,3.4641409919779247e-4,8.301009701911233e-6,3.4535451715317095e-4,3.4428415238262116e-4,4.367832751068617e-4,4
CZE,CZE-revised_first_ndc-EN.html,NDC,2.7383714489077584e-4,3.9151623920574084e-4,5.957778681645651e-5,0.9977939317755449,3.4641409919779247e-4,8.301009701911233e-6,3.4535451715317095e-4,3.4428415238262116e-4,4.367832751068617e-4,4
DEU,DEU-revised_first_ndc-EN.html,NDC,2.7383714489077584e-4,3.9151623920574084e-4,5.957778681645651e-5,0.9977939317755449,3.4641409919779247e-4,8.301009701911233e-6,3.4535451715317095e-4,3.4428415238262116e-4,4.367832751068617e-4,4
DNK,DNK-revised_first_ndc-EN.html,NDC,2.7383714489077584e-4,3.9151623920574084e-4,5.957778681645651e-5,0.9977939317755449,3.4641409919779247e-4,8.301009701911233e-6,3.4535451715317095e-4,3.4428415238262116e-4,4.367832751068617e-4,4
DOM,DOM-revised_first_ndc-EN_TR.html,NDC,0.002994885824755299,0.07918610863640084,0.00838246588590417,0.11266490240426691,0.021093026174534388,4.0885513048318303e-4,0.7713527519401375,5.764347418069707e-4,0.003340569261710209,7
ESP,ESP-revised_first_ndc-EN.html,NDC,2.7383714489077584e-4,3.9151623920574084e-4,5.957778681645651e-5,0.9977939317755449,3.4641409919779247e-4,8.301009701911233e-6,3.4535451715317095e-4,3.4428415238262116e-4,4.367832751068617e-4,4
EST,EST-revised_first_ndc-EN.html,NDC,2.7383714489077584e-4,3.9151623920574084e-4,5.957778681645651e-5,0.9977939317755449,3.4641409919779247e-4,8.301009701911233e-6,3.4535451715317095e-4,3.4428415238262116e-4,4.367832751068617e-4,4
EUU,EUU-revised_first_ndc-EN.html,NDC,2.7383714489077584e-4,3.9151623920574084e-4,5.957778681645651e-5,0.9977939317755449,3.4641409919779247e-4,8.301009701911233e-6,3.4535451715317095e-4,3.4428415238262116e-4,4.367832751068617e-4,4
FIN,FIN-revised_first_ndc-EN.html,NDC,2.7383714489077584e-4,3.9151623920574084e-4,5.957778681645651e-5,0.9977939317755449,3.4641409919779247e-4,8.301009701911233e-6,3.4535451715317095e-4,3.4428415238262116e-4,4.367832751068617e-4,4
FJI,FJI-revised_first_ndc-EN.html,NDC,0.012543270254949189,0.2925258453146034,6.862988785163527e-4,0.6437887265953299,0.021089258884321234,6.050580045873258e-4,0.001960947140070202,0.0026945734140021993,0.024106021513619996,4
FRA,FRA-revised_first_ndc-EN.html,NDC,2.7383714489077584e-4,3.9151623920574084e-4,5.957778681645651e-5,0.9977939317755449,3.4641409919779247e-4,8.301009701911233e-6,3.4535451715317095e-4,3.4428415238262116e-4,4.367832751068617e-4,4
GBR,GBR-revised_first_ndc-EN.html,NDC,0.001184932476714737,9.414577828385602e-4,8.157581639834626e-4,0.5062728741530812,8.339434895712796e-4,5.871707140016893e-4,6.715313853729397e-4,0.4881068962001707,5.854356342649083e-4,4
GEO,GEO-revised_first_ndc-EN.html,NDC,5.689287286532608e-4,0.9472810768656352,6.266167425233403e-5,0.04812916650663818,0.0015279826169584828,1.771548986193723e-4,5.559594135324948e-4,3.3461907510537795e-4,0.0013624502206049524,2
GHA,GHA-revised_first_ndc-EN.html,NDC,0.8470404109853836,0.0012214311221369065,4.5399659872102493e-4,0.11059457226591722,0.0022208396153401357,2.2674474952592017e-4,1.0851886501648957e-4,0.03601131877079278,0.002122167027165636,1
GIN,GIN-revised_first_ndc-EN_TR.html,NDC,0.06636865139298255,0.866934375626396,8.956792796721383e-4,0.007813154159263595,0.006348892850919994,0.017736579206033557,0.03158388169106457,7.238675456804104e-4,0.0015949182479872898,2
GNB,GNB-revised_first_ndc-EN.html,NDC,0.04299063503095509,0.31919344627018004,0.001532811206459767,0.3809640623211763,0.00932530709511742,0.046511442339772245,0.18941553862521054,0.0027579725604536484,0.007308784550675228,4
GRC,GRC-revised_first_ndc-EN.html,NDC,2.7383714489077584e-4,3.9151623920574084e-4,5.957778681645651e-5,0.9977939317755449,3.4641409919779247e-4,8.301009701911233e-6,3.4535451715317095e-4,3.4428415238262116e-4,4.367832751068617e-4,4
HND,HND-revised_first_ndc-EN_TR.html,NDC,2.7257169799035685e-4,0.0016867645789115334,0.002231505058598227,0.28445065046539664,2.7228522622824153e-4,8.794393306760018e-5,0.684721886107366,9.406220316867013e-5,0.026182330729272802,7
HRV,HRV-revised_first_ndc-EN.html,NDC,2.7383714489077584e-4,3.9151623920574084e-4,5.957778681645651e-5,0.9977939317755449,3.4641409919779247e-4,8.301009701911233e-6,3.4535451715317095e-4,3.4428415238262116e-4,4.367832751068617e-4,4
HUN,HUN-revised_first_ndc-EN.html,NDC,2.7383714489077584e-4,3.9151623920574084e-4,5.957778681645651e-5,0.9977939317755449,3.4641409919779247e-4,8.301009701911233e-6,3.4535451715317095e-4,3.4428415238262116e-4,4.367832751068617e-4,4
IDN,IDN-revised_first_ndc-EN.html,NDC,0.002023445537549617,0.1546060625301224,0.31552738822801013,0.38366700876421284,0.004067526081493404,7.889368918484788e-4,0.04783579241199797,0.006104889980421145,0.08537894957434385,4
IRL,IRL-revised_first_ndc-EN.html,NDC,2.7383714489077584e-4,3.9151623920574084e-4,5.957778681645651e-5,0.9977939317755449,3.4641409919779247e-4,8.301009701911233e-6,3.4535451715317095e-4,3.4428415238262116e-4,4.367832751068617e-4,4
ISL,ISL-revised_first_ndc-EN.html,NDC,0.001606053223128879,0.002902589077992831,7.373325186835461e-4,0.9390925435750873,0.05062128829903937,7.22252672847517e-4,0.0011289068696890242,0.001991446956946518,0.0011975868065847493,4
ISR,ISR-revised_first_ndc-EN.html,NDC,0.00216008109811667,0.0014998127817046577,0.03883002220017059,0.8253793324614651,0.002125809781029881,0.001013605181995173,0.00242667999552188,0.1249046708140242,0.001659985685971442,4
ITA,ITA-revised_first_ndc-EN.html,NDC,2.7383714489077584e-4,3.9151623920574084e-4,5.957778681645651e-5,0.9977939317755449,3.4641409919779247e-4,8.301009701911233e-6,3.4535451715317095e-4,3.4428415238262116e-4,4.367832751068617e-4,4
JAM,JAM-revised_first_ndc-EN.html,NDC,0.022604133821488917,0.019488865431467217,0.006988525990344242,0.7680221286724919,0.010502163490267866,0.04225220573805452,0.01148805374669548,0.11296496716060239,0.005688955948587572,4
JOR,JOR-revised_first_ndc-EN.html,NDC,0.0013304849217908251,0.72701496497473606,6.111306527858517e-4,0.053139510961265415,0.010338928862824661,0.0013713330564103174,0.006502766899319572,0.020811502328383375,0.178879377342484,2
JPN,JPN-revised_first_ndc-EN.html,NDC,0.0015396125004208487,9.501206278053866e-4,0.14474646519485213,0.5726646938595298,0.001462617535174402,8.411587060177192e-4,0.0024611499748038307,0.27422618643782526,0.001107995163570423,4
KEN,KEN-revised_first_ndc-EN.html,NDC,3.938057120439028e-4,7.646270902569155e-4,6.888615535451344e-5,0.6623722113165613,1.605774938408091e-4,3.55327072785411e-6,1.2180179310442948e-4,9.102438153304583e-5,0.33602351278657727,4
KGZ,KGZ-revised_first_ndc-EN.html,NDC,0.00626862382086403,0.8916364373130938,2.605591919281028e-4,0.05888604154276256,0.04018416715252475,5.50273427940681e-4,5.624145230555729e-4,4.202949833428878e-4,0.0012311880444870354,2
KHM,KHM-revised_first_ndc-EN.html,NDC,6.002827943279287e-5,7.865559030883915e-5,9.550665553290413e-6,6.120434954339113e-5,4.21536041776163e-6,2.008993668913341e-6,9.621931614064703e-7,2.392190566065538e-6,0.9997809823773475,9
KNA,KNA-revised_first_ndc-EN.html,NDC,0.01331284769472142,0.7169966561940788,2.1247704070064457e-4,0.17802002721141208,0.02356624634073918,2.0554776921857923e-4,4.0674491710115056e-4,3.757337230351702e-4,0.06690371910899312,2
KOR,KOR-archived_revised_first_ndc-EN.html,NDC,0.0010203475504829548,7.614829362416667e-4,6.640732883160539e-4,0.7030096855051501,8.717941006992546e-4,3.566507747517524e-4,5.553680855612384e-4,0.2922981597677685,4.6243799102882774e-4,4
KOR,KOR-revised_first_ndc-EN.html,NDC,0.0033167516171739788,0.0029637022281867134,0.0018044761132751318,0.753877086133901,0.0027740400772645777,0.0059179062815508335,0.003641983984598296,0.2240668654453811,0.0016371881186686209,4
KWT,KWT-revised_first_ndc-EN.html,NDC,0.01973776643550796,0.18425385363979743,0.007958251203762355,0.5263785463072893,0.009648241822823263,0.1992292202837348,0.028028707677082973,0.013518341727499734,0.011247070902502019,4
LAO,LAO-revised_first_ndc-EN.html,NDC,0.03225196687516004,0.6371211634542361,4.3525051877009273e-4,0.002490059479538483,0.03741307208673833,4.907538646558018e-4,1.531156586275214e-4,3.0216407745767607e-4,0.28934245398481606,2
LBN,LBN-revised_first_ndc-EN.html,NDC,0.002313110819795776,0.6079108124079123,0.00082016334769983545,0.3135018909146546,0.005696883424813977,0.027150856701741204,0.0032642879881516827,0.0018672298989824007,0.03747476449624798,2
LBR,LBR-revised_first_ndc-EN.html,NDC,0.3807008541605637,0.2821763089179836,5.198755350588803e-4,0.20094351838508595,0.0040665525883376175,3.4115445318953444e-4,0.017631628122204368,0.002034022867581263,0.11158608496999511,1
LCA,LCA-revised_first_ndc-EN.html,NDC,0.1643648574008493,0.011087715294871143,0.0034866253744188086,0.5603378701666654,0.02058959595075979,0.0013042054444911818,7.733143960810982e-4,0.1280762462342589,0.10997956973760446,4
LKA,LKA-revised_first_ndc-EN.html,NDC,0.11305203937573594,0.7488410609069825,0.006631830341511905,0.010532212568199202,0.0011535075197096531,0.001642934852680399,5.112849348675344e-4,0.014331107905781973,0.10330402159453073,2
LTU,LTU-revised_first_ndc-EN.html,NDC,2.7383714489077584e-4,3.9151623920574084e-4,5.957778681645651e-5,0.9977939317755449,3.4641409919779247e-4,8.301009701911233e-6,3.4535451715317095e-4,3.4428415238262116e-4,4.367832751068617e-4,4
LUX,LUX-revised_first_ndc-EN.html,NDC,2.7383714489077584e-4,3.9151623920574084e-4,5.957778681645651e-5,0.9977939317755449,3.4641409919779247e-4,8.301009701911233e-6,3.4535451715317095e-4,3.4428415238262116e-4,4.367832751068617e-4,4
LVA,LVA-revised_first_ndc-EN.html,NDC,2.7383714489077584e-4,3.9151623920574084e-4,5.957778681645651e-5,0.9977939317755449,3.4641409919779247e-4,8.301009701911233e-6,3.4535451715317095e-4,3.4428415238262116e-4,4.367832751068617e-4,4
MAR,MAR-revised_first_ndc-EN_TR.html,NDC,7.345022767415054e-4,0.4992754052090259,0.0028325787699623505,0.04980915614067013,0.0014671405279872106,0.010872937543490729,0.43193583273076797,8.295447442617493e-4,0.00224290205709212,2
MCO,MCO-revised_first_ndc-EN_TR.html,NDC,0.0014474716479261308,0.21427661436489456,7.092717082077337e-4,3.428939260918784e-4,0.0017489486157011248,0.7756515788348552,0.0019872042510127074,0.0030297122082393545,8.063044430706934e-4,6
MDA,MDA-revised_first_ndc-EN.html,NDC,0.043029135528973486,0.13794651755125595,0.017017430200313415,0.6175932940760356,0.07526534676624215,2.441476249644157e-4,4.4682548872452356e-4,3.13890163217021e-4,0.10814341260027335,4
MDV,MDV-revised_first_ndc-EN.html,NDC,0.07367144301223194,0.1669175894453668,7.296019471268639e-4,0.6886953862023498,0.03159073914324778,0.002394868651716809,0.001119078853707796,0.01010843785369756,0.024772854890554624,4
MEX,MEX-revised_first_ndc-EN.html,NDC,1.539413280342301e-4,9.716121485185621e-4,7.643938975889473e-4,0.5550536948560961,4.3112818556518856e-4,1.6115336394450534e-4,0.44161333243529627,2.884641227894833e-4,5.622796621666609e-4,4
MHL,MHL-revised_second_ndc-EN.html,NDC,0.01213636675664181,0.5301467475020815,0.007329011177233124,0.019205564074035505,0.011530339872333152,0.01914025345779441,0.0034017171505114963,0.3912122814734209,0.005897718535948442,2
MKD,MKD-revised_first_ndc-EN.html,NDC,0.09900940768886202,0.0017762675261778782,9.145666614092786e-4,0.5599435295214578,0.16138648772637915,0.001202701723919629,2.1019187957746724e-4,0.17464821259004998,9.086346821670494e-4,4
MLT,MLT-revised_first_ndc-EN.html,NDC,2.7383714489077584e-4,3.9151623920574084e-4,5.957778681645651e-5,0.9977939317755449,3.4641409919779247e-4,8.301009701911233e-6,3.4535451715317095e-4,3.4428415238262116e-4,4.367832751068617e-4,4
MMR,MMR-revised_first_ndc-EN.html,NDC,0.12471088261072727,0.8722610746140023,4.178033701878489e-5,7.625471219877215e-4,3.6831155982522667e-4,7.959994254674478e-5,5.868752429763608e-5,4.2360738518408715e-4,0.0012935089044105094,2
MNE,MNE-revised_first_ndc-EN.html,NDC,0.0026380275825573975,0.32191059471644357,9.535072830061678e-4,0.3899705434983118,0.1124847181477934,0.16118535120167213,0.0030830895369613727,0.0031550856615143188,0.0046190823717402515,4
MNG,MNG-revised_first_ndc-EN.html,NDC,0.002465693106526998,0.9052745651338603,8.790108702710564e-4,0.005330462984006987,0.029358437557619355,0.048834308712405725,0.0016526975690425434,0.003207995133723273,0.002996828932543829,2
MUS,MUS-revised_first_ndc-EN.html,NDC,0.5026375582358521,0.33007360931684404,1.7169903223905082e-4,0.15055185285300499,0.0077025481036952625,1.4612218121795044e-4,3.8118721577956783e-4,6.741119949556713e-4,0.007661311066411897,1
MWI,MWI-revised_first_ndc-EN.html,NDC,0.999495580763564,1.1045185862805728e-4,9.173574511265032e-6,6.608903687012528e-5,7.77550559969868e-5,1.0788338714899132e-5,5.299966636662121e-7,6.829340135713666e-5,1.613379736932945e-4,1
MYS,MYS-revised_first_ndc-EN.html,NDC,0.005074883435134178,0.01757786597206623,0.0011202123957879187,0.8250506041021534,0.0018193315384143782,2.69899711560218e-4,0.0019667062710346144,0.003979452770787925,0.14314104380306117,4
NAM,NAM-revised_first_ndc-EN.html,NDC,0.3426689484460896,0.2049022945389882,9.837625609058274e-4,0.10473315581298179,0.05547321793608716,0.00245471598969423,0.048095089588635606,0.03484177458484715,0.20584704054177053,1
NIC,NIC-revised_first_ndc-EN_TR.html,NDC,0.013779956278978002,0.24783324961530323,0.30839837091978817,0.0020132779360520245,0.0022082244650775285,0.0010502599509229298,0.4217491463093262,7.576507476877354e-4,0.0022098637768645834,7
NLD,NLD-revised_first_ndc-EN.html,NDC,2.7383714489077584e-4,3.9151623920574084e-4,5.957778681645651e-5,0.9977939317755449,3.4641409919779247e-4,8.301009701911233e-6,3.4535451715317095e-4,3.4428415238262116e-4,4.367832751068617e-4,4
NOR,NOR-revised_first_ndc-EN.html,NDC,0.02357479016421268,0.0034472724370036728,0.001139902023928149,0.9463597994024074,0.00872057740449097,6.727984036798914e-4,0.0011695469079634837,0.011895578632971606,0.0030197346233417203,4
NZL,NZL-revised_first_ndc-EN.html,NDC,0.011241529682717048,0.009198602170657445,0.007244894107452378,0.3167028073578558,0.053241421488289274,0.005196882689767445,0.0013685311159870083,0.5936056286951502,0.002199702692123473,8
PAN,PAN-revised_first_ndc-EN_TR.html,NDC,5.018723100156737e-4,0.08270572506445548,0.0060754717799877365,0.22499984215826377,0.0016863678481155477,2.2993922795261202e-4,0.6802237290931679,2.2770967157920282e-4,0.0033493428464620523,7
PER,PER-revised_first_ndc-EN_TR.html,NDC,1.1684604049540218e-4,0.001011287363423559,0.0011003077691614485,0.08813250521082375,3.739246123765194e-4,3.198808958942968e-4,0.9084850280972747,2.3289671254613742e-4,2.2732329800361303e-4,7
POL,POL-revised_first_ndc-EN.html,NDC,2.7383714489077584e-4,3.9151623920574084e-4,5.957778681645651e-5,0.9977939317755449,3.4641409919779247e-4,8.301009701911233e-6,3.4535451715317095e-4,3.4428415238262116e-4,4.367832751068617e-4,4
PRT,PRT-revised_first_ndc-EN.html,NDC,2.7383714489077584e-4,3.9151623920574084e-4,5.957778681645651e-5,0.9977939317755449,3.4641409919779247e-4,8.301009701911233e-6,3.4535451715317095e-4,3.4428415238262116e-4,4.367832751068617e-4,4
PRY,PRY-revised_first_ndc-EN_TR.html,NDC,3.973870766839385e-5,1.271864999149773e-4,0.9129771284289103,3.4764482435413436e-4,8.033556321722975e-5,1.3640840960009744e-4,0.08610550242690013,1.0933032208762289e-4,7.672481734748954e-5,3
PSE,PSE-revised_first_ndc-EN.html,NDC,0.011345671721656878,0.712010459544839,3.4883409634184733e-4,0.14781467691933123,0.002926855874441347,0.02320797446238782,6.505902063310657e-4,0.04524654384215168,0.05644839333251917,2
QAT,QAT-revised_first_ndc-EN.html,NDC,0.0035662763847605574,0.17940098337855914,0.020429968816045672,0.008673266813789849,0.007887867305283158,0.1304668426026995,0.004534034548702328,0.6406166949196579,0.004424065230501711,8
ROU,ROU-revised_first_ndc-EN.html,NDC,2.7383714489077584e-4,3.9151623920574084e-4,5.957778681645651e-5,0.9977939317755449,3.4641409919779247e-4,8.301009701911233e-6,3.4535451715317095e-4,3.4428415238262116e-4,4.367832751068617e-4,4
RWA,RWA-revised_first_ndc-EN.html,NDC,0.9259434808296704,0.0013644813695200613,8.577749809745482e-5,2.8687817482529314e-4,2.638286024357261e-4,6.455477762118015e-5,4.2228483496545705e-6,2.003245221976453e-4,0.07178645137728254,1
SAU,SAU-revised_first_ndc-EN.html,NDC,0.007111568645438166,0.40922255782127887,0.0021460390792236413,0.015907358519565016,0.012601360145962158,0.010121448307074688,9.605430655981142e-4,0.5373751922670986,0.004553932148761154,8
SGP,SGP-revised_first_ndc-EN.html,NDC,0.0239990150850786,0.002392353774174979,0.0010233521669292384,0.4539872025724143,0.002155314123201182,6.459980104684303e-4,4.2815237445127576e-4,0.5139395287419842,0.0014290831512977701,8
SLB,SLB-revised_first_ndc-EN.html,NDC,0.02291419765456953,0.7902430577387246,6.355072180524554e-4,0.05110871769997597,0.017835642490346016,9.729623254274613e-4,5.365188900675517e-4,0.11105226667487424,0.004701129307962205,2
SLE,SLE-revised_first_ndc-EN.html,NDC,0.13908510722261044,0.009965352809341906,1.9710194181173156e-4,0.0015628819320377932,0.0017818022382878182,0.0012392262363681505,2.6749590058689478e-5,2.0291227709591294e-4,0.8459388657523875,9
SOM,SOM-revised_first_ndc-EN.html,NDC,0.15516500218508095,0.2616643978256884,8.25457333894366e-4,0.32494598661667307,0.016769263574895783,3.1432523183156454e-4,7.0186072001205e-4,0.001737161439307612,0.23787654507261613,4
STP,STP-revised_first_ndc-EN.html,NDC,0.004397899652804243,0.08226518713505294,0.009450567328403714,0.47531903525629116,0.02048042205155191,0.12062296344533706,0.1600797873350097,0.010769819082262279,0.11661431871328706,4
SVK,SVK-revised_first_ndc-EN.html,NDC,2.7383714489077584e-4,3.9151623920574084e-4,5.957778681645651e-5,0.9977939317755449,3.4641409919779247e-4,8.301009701911233e-6,3.4535451715317095e-4,3.4428415238262116e-4,4.367832751068617e-4,4
SVN,SVN-revised_first_ndc-EN.html,NDC,2.7383714489077584e-4,3.9151623920574084e-4,5.957778681645651e-5,0.9977939317755449,3.4641409919779247e-4,8.301009701911233e-6,3.4535451715317095e-4,3.4428415238262116e-4,4.367832751068617e-4,4
SWE,SWE-revised_first_ndc-EN.html,NDC,2.7383714489077584e-4,3.9151623920574084e-4,5.957778681645651e-5,0.9977939317755449,3.4641409919779247e-4,8.301009701911233e-6,3.4535451715317095e-4,3.4428415238262116e-4,4.367832751068617e-4,4
SWZ,SWZ-revised_first_ndc-EN.html,NDC,0.03204130175132701,0.010460490688558241,1.6654532259561373e-4,0.2586036400672729,8.48018343843013e-4,3.398479709592971e-5,1.6772899733329065e-4,4.5465730482870933e-4,0.6972236327271454,9
SYC,SYC-revised_first_ndc-EN.html,NDC,0.0023095656261643985,0.6978265835508372,4.10167553327963e-4,0.1870847231868113,0.001025688199211941,9.144066569713788e-4,0.007801032326521483,0.016217317034407142,0.08641051586574719,2
THA,THA-revised_first_ndc-EN.html,NDC,0.0026003522005578652,0.5148260019013152,5.131888491046239e-4,0.4595706237456332,0.0072963906725012065,3.296658042281267e-4,0.0026893445657051474,0.001023076547459763,0.011151355713494682,2
TJK,TJK-revised_first_ndc-EN.html,NDC,0.02282757979015505,0.35651148901055063,0.001187403369206043,0.24090453102416617,0.1077240654639377,0.09457930383452982,0.018154471875722958,0.0018501483833550398,0.15626100724837663,2
TZA,TZA-revised_first_ndc-EN.html,NDC,0.6061736846298558,0.0034437308337753993,0.0018091528528580922,0.1501821848747563,0.02671019542665121,0.0018209163426977143,7.335128606768853e-4,0.20784918563801238,0.0012774365407165367,1
UGA,UGA-revised_first_ndc-EN.html,NDC,0.27775485154930224,0.003346488722112571,0.0399432472302085,0.6608687107227458,0.0036105935623277044,2.928486442231058e-4,0.004154586803642991,0.003929730643381978,0.006098942122054614,4
UKR,UKR-revised_first_ndc-EN.html,NDC,0.002303323099367633,0.43682923877905394,8.859036076696393e-4,0.3873807038977209,0.005032549839927518,0.11650652482383392,0.0453243604769487,0.004196096761854704,0.0015412987136229185,2
USA,USA-revised_first_ndc-EN.html,NDC,0.051453526372678735,0.0016075947116338432,0.001577891323347116,0.6959176223070904,0.0013412391986792806,3.29033553935988e-4,6.672994285987076e-4,0.24523937439150648,0.0018664187125294028,4
UZB,UZB-revised_first_ndc-EN.html,NDC,0.002358747035426902,0.5115093683353654,0.004731989320895499,0.31778922941676385,0.05883079069679587,0.004511200362806702,0.04991707701650536,0.03876292302316659,0.011588674792273882,2
VNM,VNM-revised_first_ndc-EN.html,NDC,4.88915246145263e-4,0.9652189146704027,8.061107294544862e-5,9.782317671559477e-4,4.274721495078876e-4,2.1432784015261357e-4,1.7744453627781118e-4,1.1797184891097714e-4,0.0322961108685015,2
VUT,VUT-revised_first_ndc-EN.html,NDC,0.23577184377420077,0.010878213404303486,0.0019237320091863256,0.08364816613541443,0.016278510025396212,6.922572780592785e-4,2.885605286171649e-4,0.0011899071745165232,0.6493288096703057,9
ZAF,ZAF-revised_first_ndc-EN.html,NDC,0.05042619377130019,0.010795861042363205,9.607056687737772e-4,0.5626294167758378,0.017657007785727326,7.038408314147821e-4,4.116321667660627e-4,0.3415613960055362,0.01485394595228082,4
ZMB,ZMB-archived_revised_first_ndc-EN.html,NDC,0.0034456431720171444,0.0048345004199141055,4.6472005985437564e-4,0.9750233011461407,0.0014527864640853086,9.467989983707369e-5,0.0024607083115789088,0.0012626067327468175,0.01096105379382537,4
ZMB,ZMB-revised_first_ndc-EN.html,NDC,0.07818429374504766,0.005141775075083357,7.204882058339751e-4,0.8718837310473593,0.036123418667506665,4.0506095032202e-4,0.0013161281882491467,0.002076118240690218,0.004148985879908116,4
ZWE,ZWE-revised_first_ndc-EN.html,NDC,0.8124098651955859,0.03267960555026784,3.520730781419732e-4,0.06146009016423383,0.014120956196712343,3.8997406767993063e-4,1.6245237284419288e-4,0.0010390460645252507,0.0773859373100087,1
MHL,180924 rmi 2050 climate strategy final_0.txt,LTS,7.260054817270059e-4,0.8789016332883699,1.312822650837166e-4,0.08861826205928751,0.029113009895643586,2.39252348580343e-4,4.2593021673339944e-4,6.397575598959016e-4,0.0012048668846789538,2
MHL,180924 RMI press release 2050 Strategy FINAL.txt,LTS,0.018381010584342952,0.13309202601161838,0.06859305574148639,0.05754432739173692,0.13559224697965336,0.021824276664715443,0.005621040973008193,0.5530265151968166,0.006325500456621719,8
FRA,2020-02-19_lts_be_fr_TRANSLATED.txt,LTS,5.068325744034098e-5,6.976189019492074e-4,4.8176845766254684e-4,1.627820509843068e-4,2.5510776720696703e-4,0.9192874864504506,0.07844509889156606,5.9322333650618e-4,2.623088623445729e-5,6
AND,AND_LTS_Nov2021.txt,LTS,0.07941540982073599,0.0031931420187516603,0.0010165491501091496,0.0062413032865965305,0.007051908999550544,0.8221916716654916,0.07943956148064867,6.814013942963779e-4,7.690521838190577e-4,6
BEL,Australias_LTS_WEB.txt,LTS,0.04287009672401276,4.600594923421283e-4,3.0884617396454827e-4,4.103631098770462e-4,2.3937556958464814e-4,4.875088806069197e-4,6.500345045796577e-6,0.9550328304129353,1.8441929163106512e-4,8
BEN,benin_long-term_strategy_TRANSLATED.txt,LTS,5.36977833390467e-4,0.9949099124864084,8.916503643809953e-5,2.619859260129564e-4,0.003144971715760136,3.2652797275102644e-4,2.653861551153107e-4,1.0215424871780254e-4,3.6291862540584294e-4,2
CAN,Canada's Mid-Century Long-Term Low-GHG Strategy.txt,LTS,2.866959937462888e-4,3.954001565350464e-4,0.006686232131329425,5.72044979006542e-4,3.2743709573560914e-4,0.1554660336769798,5.141237007074263e-4,0.8356795177236983,7.251454226108924e-5,8
CHN,China s Mid-Century Long-Term Low Greenhouse Gas Emission Development Strategy.txt,LTS,8.993110389108771e-4,0.0018591165903963497,0.3330397195766249,0.0016718277189554025,0.006467407713821576,0.16264192229106605,0.0020783441508575645,0.4909190283513604,4.233225680065049e-4,8
CHL,CHL_LTS_2021_TRANSLATED.txt,LTS,1.657598551367473e-5,2.0981113148607709e-4,1.8079707788337538e-4,0.022894597022882966,6.257623698464903e-5,8.10248444290595e-5,0.9764771828764873,4.0579442458991055e-5,3.685538187385308e-5,7
GBR,clean-growth-strategy-amended-april-2018.txt,LTS,5.657529099045653e-4,8.130068184983916e-4,3.165594449122144e-4,2.602583938957263e-4,1.0274640262824483e-4,6.98833095828992e-4,3.965230514096435e-4,0.9968169138364464,2.940604647634126e-5,8
DNK,ClimateProgramme2020-Denmarks-LTS-under-the ParisAgreement_December2020_.txt,LTS,2.880064874424506e-4,2.825368011208954e-4,3.1669198391467306e-4,4.939054364138775e-4,3.103420191076071e-4,0.30915402916578016,1.1713593661336255e-4,0.6890021059168755,3.524625273105852e-5,8
COL,COL_LTS_Nov2021_TRANSLATED.txt,LTS,2.168393936604127e-5,1.6991083319901806e-4,0.001548939648364248,2.0336370519077808e-4,1.9450578571122423e-5,1.5571305214901596e-4,0.997596489206431,2.18097078607953e-5,2.6263932886849646e-4,7
CZE,cze_climate_protection_policy_summary.txt,LTS,0.0025934012650183917,0.006075795013415221,0.6761399583985417,0.0033813570028332204,0.004778826515968464,0.26803331962785176,0.018834259022709382,0.018344350766281776,0.0018187323873799866,3
FRA,en_SNBC-2_complete.txt,LTS,3.5279477430674814e-4,5.870505481614096e-4,3.308813188133812e-4,0.001784769742924494,0.017112956214108722,0.9790083868354396,2.5864303728224123e-4,4.626488582608278e-4,1.0186867070261619e-4,6
FRA,en_SNBC-2_summary_4-pages.txt,LTS,0.0017284594134739067,0.006943960621020802,0.003588508255331463,0.0030480204784392945,0.004158621084485194,0.9631899722967954,0.0037338551278170125,0.012811426439483728,7.97176283153327e-4,6
FRA,en_SNBC-2_summary_compl.txt,LTS,2.114466726486371e-4,0.0010049514332446628,5.712249275148436e-4,1.5292534487359804e-4,7.24618595205998e-4,0.994870777715776,6.725898925389663e-4,0.0017153822016325684,7.608321656543218e-5,6
FJI,Fiji_Low Emission Development  Strategy 2018 - 2050.txt,LTS,0.11590405735744591,0.639027818302649,0.017332663795577262,2.73448012241027e-4,0.002189972423039739,9.44005131316951e-4,1.1815174370519884e-4,0.22363838647253578,5.714967614895422e-4,2
HRV,HR-03-06-2020 EU Submission on Long term strategy.txt,LTS,0.013662025139477814,0.01882044612850746,0.024628060617128404,0.25598645242100737,0.08014550430774905,0.32539245014416535,0.011133487676191038,0.26746160561765414,0.0027699679481188355,6
ISL,Iceland_LTS1_2021.txt,LTS,0.07009689820859366,0.020026401240351578,0.010519645318779665,0.0599816102253047,0.019016294617726134,0.53246323887624,0.0032073942484067133,0.2809128900591598,0.003775627205437635,6
IND,Indonesia_LTS-LCCR_2021.txt,LTS,5.51119775261711e-4,5.869640952576926e-4,0.9441304439732234,8.624504861168094e-4,3.4520825876259605e-4,2.1953808398082533e-4,2.3672612346208911e-4,4.4126142646289676e-4,0.052626287777471976,3
JPN,Japan_LTS2021.txt,LTS,3.756574890960866e-4,5.765804449408541e-4,0.02901062285549119,3.0841681523959826e-4,3.2407920295161207e-4,0.06928690632162954,5.44301403732277e-4,0.8994782270392986,9.520842761953847e-5,8
KHM,KHM_LTS_Dec2021.txt,LTS,0.04979513304992988,0.028814764753549563,0.43107015960793515,0.02791786182081676,0.01986857785996434,0.13435979743513965,0.0010490206093134267,0.13553362690968582,0.17159105795366558,3
DEU,Klimaschutzplan_2050_eng_bf.txt,LTS,0.005227716497082758,0.006115932090157333,0.011578043974450917,5.88558341673843e-4,0.0014822139163547482,0.7084840249929067,7.69263513803532e-4,0.26507479219171254,6.794544818570734e-4,6
SVK,LTS SK eng.txt,LTS,0.055472843986609455,0.0880631991623274,0.015309901979512286,0.00402033411225073,0.09367975388352398,0.7360998216084927,0.001649437966792085,0.0037252012089767,0.0019795060915145236,6
HUN,LTS_1_Hungary_2021_EN.txt,LTS,0.029337780956162275,0.008254916607740774,0.0951078559134933,0.0012639404709047653,0.013532912095397543,0.6492739470386948,0.00497989653688645,0.19778414605413727,4.64604326582446e-4,6
BEL,LTS_BE_EN_summary.txt,LTS,0.0012895372417297236,0.00498999075041136,0.004262218890084515,0.0036302274192422687,0.0022457832702839713,0.8401182912755156,0.03934871351826313,0.10375245416392584,3.6278347054356346e-4,6
FIN,LTS_Finland_Oct2020.txt,LTS,0.009761935506789178,0.014017957391562676,0.008236858651114379,0.0033294187937302393,0.0036391677493665007,0.818050660933328,0.0016761994368420933,0.08608676373191447,0.055201037805352154,6
AUT,LTS1_Austria.txt,LTS,3.881881994658074e-4,5.779258126042707e-4,8.314102069541828e-4,1.7956883281314447e-4,6.505796495901561e-4,0.8841848515551218,1.8971848659211522e-4,0.1129395924026271,5.816485423117316e-5,6
GTM,LTS1_Guatemala_TRANSLATED.txt,LTS,0.07640079458657299,0.0075193088880101165,0.4824528418995659,0.009562379890877905,0.003663190859541814,0.0234620142769019,0.3206012912556474,0.07403597942413932,0.002302198918742681,3
LVA,LTS1_Latvia.txt,LTS,4.6443182014663226e-4,8.674801996075873e-4,0.28243560679306945,3.848327950016014e-4,0.011367326425375537,0.7017271212494943,8.909306410969806e-4,0.0016236501013202826,2.3861997488847282e-4,6
NLD,LTS1_Netherlands.txt,LTS,8.825145891348322e-4,0.0012808563090556974,0.0015433091588276408,7.294621284386242e-4,0.0011290967724518397,0.7488725931463528,5.712583417881616e-4,0.24485236624441611,1.3854330953394451e-4,6
NOR,LTS1_Norway_Oct2020.txt,LTS,9.782945137420224e-4,0.0014807658294843833,0.0026710943968244034,0.020963289123100397,0.0013298219953709136,0.586827564644901,0.0019268989144958244,0.38340798736695464,4.1428321512590205e-4,6
KOR,LTS1_RKorea.txt,LTS,0.0023111933305353417,0.004614990356358774,0.013699865484533141,0.04382658215555017,0.005227378205269519,0.14985835634770286,0.0017373635510735232,0.7776184763478131,0.0011057942211637039,8
SVN,LTS1_SLOVENIA_EN.txt,LTS,7.002936081634755e-4,0.002136125911498542,0.003864706611605837,0.029915073696595476,0.031682372829325775,0.928111051914571,0.001075057633810182,0.0011161946066407542,0.0013991231877891472,6
ESP,LTS1_Spain_Annexes_TRANSLATED.txt,LTS,1.699730883282788e-4,0.020630540265421327,0.001360349260283397,4.270732960573423e-4,0.0010043890462848842,0.7325449752086141,0.24301732104834925,6.747176954763196e-4,1.7066109118578804e-4,6
SWE,LTS1_Sweden.txt,LTS,0.009240846046151318,0.0015942187388447188,0.0020748152620767724,0.04954925936771876,0.0022684296799065254,0.8325458437800864,7.998951135051376e-4,0.09156911507815844,0.010357576933552042,6
CHE,LTS1_Switzerland.txt,LTS,4.65797410848385e-4,5.777496336429633e-4,0.010177683480824333,3.265147699525597e-4,6.382171574810919e-4,0.7008804387581457,4.903253282194027e-4,0.28635505790717614,8.821555371036202e-5,6
LUX,LUX_LTS_2021_TRANSLATED.txt,LTS,1.3840623269906666e-4,8.355019110586119e-4,0.007165573422802705,4.99369936518945e-4,4.275473984558826e-4,0.8438354055831837,0.14343544399168665,0.003592495574676411,7.025594891887444e-5,6
MAR,MAR_LTS_Dec2021_TRANSLATED.txt,LTS,1.728585600710952e-4,5.020277830782461e-4,0.04543261794611985,1.8699551253877373e-4,3.842508989321853e-4,0.39177974739019295,0.5354788324074595,0.026029071309437424,3.359819217035744e-5,7
MEX,mexico_mcs_final_cop22nov16_red.txt,LTS,0.0011055040817781923,0.0039798663379209355,0.009862772993138483,0.10239332149357196,0.04231245508785184,0.003023947739350793,0.704801339504676,0.1321554507855735,3.6534197613843667e-4,7
MKD,MKD_LTS_Nov2021.txt,LTS,5.951504116491394e-5,8.812181392489983e-5,2.3331956546793536e-5,9.820500474858264e-5,0.9996483387883665,6.185758592838783e-5,1.417808375937286e-6,1.1775102405207256e-5,7.43689853928939e-6,5
MLT,MLT_LTS_Nov2021.txt,LTS,0.12360174208982307,0.2282224656168572,5.990821986805301e-4,3.6694969273454034e-4,0.0014579395875214255,0.4975740975939572,2.1817122956278374e-4,0.14614163862370083,0.0018179133671628253,6
FRA,National_Low_Carbon_Strategy_v2_EN.txt,LTS,6.08156601822384e-5,1.723660647795013e-4,1.0996074868041379e-4,1.9184531325542443e-5,1.35957761042964e-4,0.9981106346662457,8.553733882367863e-5,0.0012906042656343842,1.4938963286018463e-5,6
CRI,NationalDecarbonizationPlan.txt,LTS,2.4352128567729725e-5,2.41123323274951e-5,0.9995368638077252,3.120395391179502e-5,3.403256783256683e-5,7.166417299200616e-5,1.2625097224529773e-4,1.1987519584921251e-4,3.164486854800439e-5,3
NPL,NepalLTLEDS.txt,LTS,0.008532925184694437,0.5530364908219764,0.0017469015458398067,0.1744089407932248,0.01708817729141851,0.001755226333331703,8.625843308434894e-4,0.1240335957027431,0.11853515799592772,2
NGA,Nigeria_LTS1.txt,LTS,0.015491887374103652,0.09985346342315884,0.006214078414538087,0.17492977381765362,0.0028945824524393062,0.0034703669539170186,0.15916673963493197,0.4442850667937415,0.0936940411355161,8
NZL,NZL_LTS_2021.txt,LTS,0.002341080585577433,0.007774687886756897,0.0017010263258218988,0.003412699510926932,0.02107665077177352,0.0021494315623334544,9.957599125377909e-5,0.9610533948947716,3.9145247078437576e-4,8
PRT,RNC2050_EN_PT Long Term Strategy.txt,LTS,2.3558377823968066e-5,1.119147801455791e-4,8.487969036825781e-5,6.160223727066348e-6,8.164104494855214e-5,0.9993933232157125,7.340743511790282e-5,2.1676061286499997e-4,8.354619291785012e-6,6
SGP,SingaporeLongtermlowemissionsdevelopmentstrategy.txt,LTS,0.03961598074435972,0.009834126778348466,0.0010750187681179252,4.7301604605301577e-4,4.0399750505168e-4,5.193504066958365e-4,2.2310544694990926e-5,0.9472896184420426,7.665807646353355e-4,8
ZAF,South Africa's Low Emission Development Strategy.txt,LTS,0.10373089954645806,0.002560630939737951,0.09772513264719704,0.014815232287241834,0.031822016369994405,0.0011170685488600981,3.274581862026621e-4,0.7472695608040665,6.320006702415149e-4,8
THA,Thailand_LTS1.txt,LTS,0.06270672531723813,0.02991987127155166,0.4413018543657287,0.02372028917381767,0.005804687215312916,0.012184279244014136,0.0024234569723870234,0.3605246373679399,0.06141419907200971,3
